3999 3993 3992 444
368 3674 19
1498 3678 79
167 3243 84
1575 1106 30
421 1420 52
2275 1993 36
3763 3496 31
2766 706 61
2480 3952 0
2549 730 28
1843 1999 56
285 837 0
2202 605 17
2282 865 50
183 1115 3
3063 1077 45
1573 3115 13
1385 3820 64
2119 3791 98
521 1963 98
2303 1021 76
3494 1673 76
3007 1035 0
3883 3214 25
2780 2858 2
2225 2230 49
2911 3696 85
2199 2463 75
651 3347 19
1161 1090 14
1504 3512 77
1466 3518 5
2659 587 66
3941 3836 82
2620 3096 98
3361 3053 17
2151 1233 84
2494 2310 49
2000 1095 29
2330 1235 85
2083 1477 58
3631 2607 50
2324 3929 37
2803 628 29
751 1467 0
2080 231 94
425 663 74
2918 3528 10
3375 1873 38
1173 1957 60
3663 2096 63
1369 1913 21
2666 1842 16
2694 3480 49
3222 2777 38
3653 65 81
3396 3893 10
1443 766 43
2448 242 63
902 1263 52
426 937 2
2132 3963 77
1528 3836 0
3217 362 9
2997 553 21
622 2486 13
1193 3013 68
3279 995 66
183 973 30
1445 3650 25
509 3713 30
3129 598 7
2626 1867 89
2273 2189 95
3688 3740 23
780 1108 75
2274 1135 76
741 561 79
3286 3992 22
671 1892 66
749 1728 12
2171 2349 73
2177 3735 75
92 2463 71
1740 3670 54
3609 2829 23
1907 3136 3
882 2931 19
99 1044 35
3025 1617 20
899 6 39
3321 3868 9
966 2728 73
344 437 47
1693 449 48
1556 3304 60
3965 432 87
3499 345 30
1013 65 25
973 516 82
1491 3470 39
2235 2056 26
1071 3425 13
1672 1028 6
3294 1001 50
1127 1680 2
1228 87 51
2697 2201 18
312 3699 96
3190 1214 63
109 3959 83
17 3378 49
2063 3839 9
756 3662 71
3700 2403 15
263 2356 84
94 624 52
16 2188 17
2332 1885 90
587 2177 62
2246 1367 54
877 528 48
2855 327 4
707 1991 47
894 3814 85
2228 831 46
2444 3002 55
3524 807 50
1271 865 85
1365 2014 12
1030 541 93
723 2198 65
3457 1293 23
3637 2558 91
3555 3581 94
2710 3334 51
1172 1836 5
3677 3172 37
1611 1666 71
3346 1864 5
242 774 73
2022 1853 0
3665 3748 59
2449 2489 72
808 1991 86
1356 2933 11
2424 1010 78
2869 1540 27
3803 3819 36
460 463 87
2639 1136 68
35 3415 51
1870 1247 86
3283 1950 19
3389 2117 7
2495 660 62
2790 3485 13
3315 3786 72
1542 3519 59
295 2224 20
515 1581 7
616 3303 95
3451 3151 76
3446 1489 51
79 142 86
1644 2627 64
374 2709 26
1577 2781 54
1685 2297 30
686 2315 55
2762 1608 29
1259 3383 85
3399 144 52
601 921 96
2375 1845 60
3266 3459 99
1147 3381 11
338 3426 75
3793 2874 80
759 598 68
2901 1433 91
381 3201 65
2284 648 39
3069 2022 41
3348 977 33
1810 1536 18
1723 1879 82
1985 2242 81
1193 404 31
2027 1082 27
2957 485 71
2510 3501 89
1319 453 25
2928 3081 6
3411 672 71
3473 3983 70
2976 3445 27
690 2387 29
3698 1805 96
298 3667 46
162 1748 48
2073 285 68
1978 3083 17
2050 3390 33
3854 1811 98
404 3503 21
418 1550 94
1235 287 9
2814 3843 60
3014 3607 68
631 1386 25
2519 2146 72
932 1813 33
1208 2753 23
3708 1827 45
3451 3106 69
3401 3808 69
3182 1997 19
2008 3810 52
2660 1626 68
3254 1548 5
1226 1602 93
3856 364 3
2615 3028 62
3529 3251 59
1137 1754 95
3418 2258 89
3769 1455 57
2839 1330 43
3979 738 14
3793 1854 64
251 3924 72
273 1813 56
2590 2147 12
2260 1680 50
2301 673 30
1184 459 46
2454 2311 61
3290 511 7
1699 3043 99
2663 3813 24
2636 3482 87
2685 1500 38
1494 3791 71
3723 2 69
2367 3750 41
1001 2075 98
3849 717 54
651 100 52
1400 3587 52
1320 2878 54
3867 3847 16
978 1292 64
3320 2551 85
2066 105 68
1303 3414 27
1783 2734 36
129 3616 73
461 1498 31
713 3685 74
3083 3266 58
831 57 51
1017 1496 58
2289 59 91
2033 3077 3
265 2523 46
3539 558 28
898 869 83
3698 2955 55
220 692 35
1029 1319 85
1474 2752 45
1893 1994 73
507 1298 86
631 2237 94
320 3652 96
3507 2402 73
2951 2318 71
3232 3608 73
851 156 1
2837 3139 80
3294 2459 7
2440 1747 18
3142 1642 17
2982 1370 32
58 3907 31
608 649 85
1064 896 83
1394 1080 97
847 997 36
453 2847 16
2541 299 86
3862 2253 88
886 676 80
2709 184 75
288 655 16
3356 1227 38
3508 1569 57
2670 2583 71
1246 617 37
443 1215 76
385 3119 43
1760 92 79
3178 170 74
1153 873 49
3534 3308 43
3623 3847 90
3164 1180 8
357 1288 39
3270 2997 9
793 3944 90
2396 2134 26
1269 516 66
3633 1123 98
1076 1016 91
2653 1063 30
3513 3846 93
3509 314 98
3937 581 10
3863 3094 51
19 1904 94
3391 3613 76
2238 1527 48
1234 3742 20
2061 1823 13
3898 3232 17
2306 2184 18
2698 68 38
54 3713 68
1562 3323 18
1437 1395 20
283 231 64
2747 3328 62
1299 1690 53
2150 1054 46
3228 143 26
3109 377 81
2684 2026 92
193 2170 41
1162 2673 71
3969 1938 64
852 3342 23
1386 2941 33
3895 3462 28
1931 3572 65
1356 3626 59
312 168 37
433 2332 80
3879 1349 95
1409 1167 92
156 1652 32
3020 2573 26
2884 2270 91
3142 1230 6
811 3630 23
2301 665 72
3297 3360 41
396 2324 82
1781 602 92
669 1560 98
3504 2629 36
1274 2208 26
1774 1497 2
1908 536 71
1899 3258 53
84 2310 9
2628 1960 13
737 1275 62
1102 1046 69
1749 1967 59
3797 3912 15
2855 3085 76
1437 1847 68
2443 1338 21
2807 2925 27
1011 227 24
2376 2770 47
1666 1104 52
2484 2260 45
698 3708 87
2898 3505 9
1161 194 64
348 915 14
3321 2329 29
2666 3026 96
309 1826 96
868 2022 18
2995 3833 36
253 2113 7
2121 20 39
422 2164 68
700 1331 88
1435 312 65
769 524 73
872 2156 61
1882 2171 99
1140 3982 57
751 2501 31
2490 685 72
2945 3918 86
2365 1687 92
2130 1893 27
2373 3377 36
3874 2572 51
3923 355 35
3232 1612 20
1063 1395 95
1529 717 13
2828 3513 22
2716 3852 96
2085 2074 54
306 92 42
2569 2644 8
2488 233 67
1693 3405 84
2582 1587 20
3609 2460 28
1481 592 7
34 2083 32
426 92 1
3234 1517 8
3707 1985 25
2834 1610 58
3987 3660 43
1020 2880 24
3779 1287 71
3295 2350 66
2932 2984 83
2777 688 74
2858 1611 11
797 2259 59
3015 2876 21
155 895 79
3609 2931 68
9 97 13
2814 1098 21
3985 1820 9
3627 3578 42
578 3959 33
2384 2862 40
3084 658 15
1041 444 99
977 311 24
1523 397 97
3175 2455 88
3229 437 63
1909 2994 11
3639 2841 82
3856 297 85
1305 1419 59
859 1487 17
342 57 30
3165 2035 4
2559 3728 14
2160 140 42
1529 3419 56
225 2742 93
420 1888 93
2536 2982 67
2867 639 96
1073 3216 63
77 3408 81
1923 1376 75
686 342 72
3172 2694 99
473 2928 81
943 2818 5
1350 3132 10
585 2814 29
2029 1313 84
3989 2593 41
637 819 69
60 3302 30
2782 3429 93
1833 549 31
3253 1365 73
958 485 41
2442 1904 57
805 3184 98
3130 1516 7
344 868 77
3257 104 61
3600 88 78
1901 1225 9
598 1165 47
525 3534 60
83 2943 73
3673 3562 26
2916 3247 28
859 434 29
1015 3842 39
132 467 5
3799 1641 81
2401 3157 49
3559 2360 91
1493 1773 90
467 3734 98
610 447 20
671 1551 96
126 23 41
2189 1757 96
3729 1304 19
27 3716 20
820 3169 11
569 365 11
2135 463 33
3595 1956 12
1812 1771 22
3220 2471 87
1178 2047 93
1176 3476 85
1167 2771 44
2231 1951 89
1197 1145 79
3110 2011 6
902 81 62
3919 1419 84
1442 815 85
376 49 34
1139 3970 10
2080 3667 69
96 2086 69
3631 2779 39
914 1149 47
2684 1387 48
1940 417 64
711 1538 83
2448 3219 48
2208 2101 5
2295 407 64
509 2684 55
2865 2900 71
2780 1263 38
14 3050 25
3508 1765 10
490 272 58
546 2168 85
2902 3879 69
2793 2586 50
1377 200 95
3669 846 41
2481 1051 87
685 1846 49
435 706 17
698 1115 88
259 1073 39
3051 3106 13
104 780 78
3924 3164 61
821 3272 91
2576 2277 50
2321 1455 39
3824 2238 59
1182 3211 51
2657 3564 81
1707 2697 53
3743 2561 40
1570 1514 76
148 3223 28
1587 1647 62
3686 487 23
3080 3626 81
1807 1857 33
3485 2608 51
1071 1798 15
940 2488 20
3464 800 81
2230 1029 23
1942 2848 22
2492 1243 73
998 74 18
3535 1263 9
2298 3395 12
3512 926 32
1536 3425 69
645 2321 69
2369 3005 20
3962 998 87
131 451 96
3797 3 45
3245 1329 80
3383 593 80
312 3766 79
1540 3380 34
1825 1801 60
2330 892 45
3296 1689 28
1194 1642 24
173 3128 1
615 3444 18
1952 3857 41
2742 1286 99
3762 3017 70
3674 2825 68
2067 758 6
1312 3308 38
3729 38 75
2675 3021 99
571 887 15
2422 811 62
488 3619 36
814 3147 35
3039 446 39
65 1393 11
3832 2952 9
201 3289 94
2469 661 61
980 2733 25
1444 3245 35
3105 3697 29
3866 2687 74
19 577 46
3693 2322 42
3076 1909 70
528 172 51
2911 2757 58
432 295 42
1805 914 5
1229 216 33
1917 3830 60
1004 3597 62
2059 1985 91
301 2227 7
2775 123 75
744 3276 4
3290 1900 71
2161 656 2
3531 856 16
488 3316 33
939 367 93
39 1387 91
1696 2374 82
1154 1490 20
2488 934 12
2674 1453 93
3377 705 18
3285 2186 93
2471 2072 79
3542 321 77
2423 2800 61
464 2885 70
2865 556 60
1596 3711 15
1435 1848 2
3814 1597 39
3835 3152 12
1153 2421 34
356 1631 96
1116 1785 85
1927 965 81
286 267 66
1384 471 56
1675 3981 57
438 1205 73
1908 2750 44
3567 3531 88
511 1799 66
3521 643 67
1447 56 34
2743 2901 36
1034 722 98
1561 1006 80
2069 7 62
1706 2932 8
3583 2068 78
1087 1111 12
2586 2771 44
972 3812 41
2848 797 27
3137 321 1
1352 485 74
2982 1128 95
1418 1246 69
2028 2945 67
2362 2645 11
576 1324 96
3663 1146 94
489 3730 2
2986 2291 94
3261 495 76
919 2266 51
2622 1097 44
1227 2545 54
963 1600 9
3909 2842 76
1949 3128 14
1252 3501 46
2476 1705 19
1287 2202 72
2793 3555 52
206 2688 37
959 3152 14
3014 1635 38
2694 2912 71
3282 87 78
1131 3091 11
542 1242 25
2891 1268 35
833 2963 9
3307 1515 29
2224 1854 34
1009 562 14
1808 2391 43
2465 416 2
1093 1426 88
2658 1335 28
2463 664 39
3382 3363 45
806 2464 25
2635 182 8
3364 3532 5
374 766 13
2777 1511 11
2197 2078 90
1739 2647 38
2655 1916 14
2165 1418 40
1236 2096 37
3676 2550 72
208 1035 31
3191 731 18
360 704 19
3645 1531 96
826 1464 36
3135 2835 85
607 1190 58
1733 276 65
451 2730 44
364 3496 91
684 3700 6
2729 997 27
2259 270 58
2623 767 97
3336 932 13
140 1763 81
152 3459 36
2946 3146 27
426 1361 10
20 2517 62
1985 2497 97
1538 2429 74
316 3803 6
166 3552 6
3130 1609 68
1974 3077 80
2241 2219 71
436 2088 52
1878 2140 0
2854 1967 60
2933 3909 9
2291 432 51
944 3193 1
245 2227 43
1083 2839 78
1904 1951 86
2404 3846 11
1285 1298 63
2336 887 37
2342 1557 83
3614 3473 47
1280 302 78
1631 1914 71
966 239 55
9 707 71
1214 1829 61
141 2217 34
111 2300 50
1899 3641 66
451 1222 33
606 3736 37
408 3030 97
3597 3405 67
892 591 18
12 583 80
580 1399 46
3994 768 52
3690 1626 55
1169 2896 31
857 3742 11
3460 336 58
3452 2134 18
3344 1995 36
3520 844 18
1888 440 92
2034 164 32
1877 2281 35
1269 3381 31
838 3185 26
414 2317 95
3361 185 76
126 2565 63
1151 702 35
3420 3836 39
177 461 40
2709 2117 3
3255 792 45
2226 850 66
333 3985 52
2803 2183 88
1034 3256 43
85 1413 28
1306 3547 93
378 602 79
2398 812 67
3405 3038 89
2201 3246 86
1116 110 4
2781 773 26
2227 3584 72
557 680 70
1025 3598 19
89 1538 81
1392 3057 12
2317 2062 65
2324 1141 41
2045 282 46
2490 2258 82
489 3222 80
3283 842 11
3011 3338 54
1098 100 95
3604 3912 87
306 3575 1
3060 1054 76
2481 454 34
2698 1436 71
3279 1305 1
1004 1348 55
1072 2650 16
2043 467 85
2614 1933 31
687 1522 36
2340 2931 82
1462 2936 82
3937 2850 32
3649 1240 10
803 213 19
3802 37 88
3594 3538 64
2780 1209 97
3454 21 51
481 3193 80
2333 3694 1
3417 1658 29
2839 1257 11
1815 1313 48
536 1142 29
668 815 55
2997 38 67
1822 239 3
90 3389 27
3669 3852 46
533 338 73
1759 1351 23
2975 864 69
1917 1752 24
60 1906 34
1300 3660 54
1373 40 33
451 3009 42
1894 271 70
2172 3119 56
1702 1367 53
1785 926 60
2385 2428 7
66 3236 4
1694 1126 64
2027 2906 8
1416 253 95
2178 1118 26
825 1208 14
2750 1757 58
3917 1060 19
2625 1276 77
3105 959 32
182 3581 21
2693 2268 75
2571 2893 13
2195 3831 20
2033 3400 92
506 1618 71
1282 601 10
1532 519 98
2194 793 76
3088 935 34
2631 3575 6
1541 1163 40
1771 119 40
2095 1416 61
3245 329 64
491 1795 1
649 453 77
3123 579 22
1286 2782 97
1096 1119 32
3955 3354 48
2954 1162 97
2490 1682 12
1953 3859 4
3944 543 36
2434 1985 39
1460 2628 12
486 258 47
1580 1374 49
3728 2985 18
3055 810 65
3367 3058 8
1756 242 50
2136 666 60
2536 3913 96
2210 1854 65
995 815 49
313 1400 60
658 2659 67
3161 3747 60
3376 2014 52
1873 822 46
3349 1299 5
1175 3207 89
1245 2383 75
427 1627 9
628 2845 36
1184 112 63
3619 148 1
3920 1010 90
391 365 80
808 2643 84
2174 1979 15
1457 1827 87
2162 1039 48
2730 2390 35
3798 3847 71
882 2095 97
669 3355 99
3568 3002 54
854 758 25
898 350 98
1116 2054 76
72 570 14
3252 363 67
2311 862 14
2551 1787 73
806 1477 41
2326 3424 65
1611 3208 76
1015 789 33
676 211 42
1424 1429 20
3501 775 0
3933 687 92
1137 1734 28
3213 1372 91
2460 2625 51
817 3491 64
32 1748 94
3241 3432 50
3407 147 23
3268 2591 85
2944 2568 23
3668 3697 90
2871 3736 24
2891 3962 85
2964 2092 25
2051 2230 21
1741 2979 10
1597 870 13
2827 3067 68
3181 3179 91
2558 1945 56
3309 1163 31
3100 1974 85
2870 368 29
1092 3474 16
2230 2219 92
1193 151 38
2929 2677 25
716 2668 73
3355 414 20
256 2239 19
1624 2270 85
876 947 21
1621 1046 16
3676 2759 5
2796 338 68
2276 2639 7
2343 3945 63
990 1058 91
2030 2645 27
2989 2291 61
586 2987 65
2150 815 71
3911 356 53
2074 2821 1
543 2667 80
1745 3928 31
700 763 25
2728 202 18
1705 1031 56
334 410 88
2522 3192 34
185 377 0
1863 3819 72
3259 309 9
2666 2010 19
1863 1334 40
2401 59 78
1450 1787 75
3179 2795 68
2287 11 13
3958 508 0
2678 254 59
233 2764 53
1301 171 94
2866 2807 95
3462 3479 5
138 1937 67
1525 3803 41
3013 264 5
1720 1615 69
3912 964 0
803 1608 7
2559 2546 46
3161 1290 51
3400 1517 63
1509 1267 22
3034 3712 83
3867 1282 24
703 338 23
3843 3025 48
3666 2838 2
2697 2273 82
2758 1093 91
2378 20 81
1716 1268 37
285 3343 62
439 3557 58
2292 2749 84
337 920 61
971 3127 44
3696 1064 47
108 897 40
3156 762 1
3203 1056 11
2914 823 64
3144 646 97
3343 3539 27
598 3560 20
2737 3277 99
528 54 60
3794 2845 54
32 1061 96
2231 3725 6
3721 1278 31
741 217 97
2476 733 56
1988 869 33
3847 1048 3
666 744 36
2277 1570 0
2106 705 88
1045 3420 30
156 2426 69
3395 3911 26
3124 2088 45
2855 1170 33
1534 623 16
3614 935 41
1846 2265 61
2455 2600 12
1752 1081 46
1359 2554 74
457 377 30
2631 1268 12
3664 2404 43
2790 3866 14
2421 2029 90
731 3253 34
3169 1935 47
2829 1833 68
788 1692 58
1627 3561 54
154 1188 66
2661 612 61
2185 1627 9
3349 2333 87
3782 71 59
2686 2342 17
1444 182 54
223 2402 3
3792 926 1
399 2282 8
3917 3771 88
3023 2366 82
283 1048 75
2891 1399 61
2324 3498 65
1235 3087 30
3140 1723 95
2062 145 25
3630 1412 45
1488 1606 50
2355 2769 46
640 1616 28
3355 3030 32
330 844 91
1030 2561 70
1776 1974 92
915 3792 98
1895 1086 79
455 1810 30
890 3593 83
1507 129 17
162 1499 49
2718 1480 17
3603 368 38
3163 1022 8
802 2012 0
2452 2486 82
2145 1322 30
2115 629 35
2774 541 96
1152 982 36
1807 2837 15
1005 3968 94
757 1043 89
1606 261 22
2965 439 34
1642 1216 66
3925 826 25
412 3603 77
2919 2797 19
3051 2442 58
2482 2337 49
1522 2174 79
3048 332 42
2414 3429 85
3125 785 91
3628 1547 14
2200 230 22
3522 2382 92
3203 3412 59
975 3287 62
382 3796 92
2689 1755 35
1492 3268 26
617 1117 12
2674 3182 26
1191 3260 36
1149 1750 18
2283 1809 56
522 36 68
597 1828 31
2429 1747 96
1534 3168 20
3006 3186 41
1651 3398 75
403 1654 95
2897 2750 77
266 3557 61
278 3213 81
787 2160 18
833 370 29
1631 3263 42
2899 1794 15
2040 2746 20
1398 2125 7
3687 3534 85
3130 70 75
508 2035 98
1442 1913 35
3805 2368 35
1678 219 73
2732 1378 97
1278 3624 34
2670 3730 64
825 204 49
873 2909 69
2911 1377 9
2945 2805 34
930 566 89
524 834 85
3704 674 75
3576 1790 33
61 2800 51
3240 108 32
2560 3991 20
652 1213 26
2772 806 30
2402 267 3
149 1994 20
1647 1295 27
3116 1587 58
1248 1024 53
3941 474 73
121 1837 2
2482 1102 61
1497 3455 8
3793 1068 60
2199 75 0
2469 1180 95
641 3809 13
3731 585 46
2486 3720 15
1783 232 9
1740 3954 82
800 2031 42
2432 3154 69
3756 2830 50
1905 3882 13
1944 3430 25
3638 1378 68
1228 121 30
2240 1224 40
2687 2016 81
833 2597 71
2374 1014 15
3931 3131 12
2683 799 66
2651 1674 31
3474 135 60
3933 1133 83
3348 1283 35
838 3459 55
3406 3804 92
634 1596 81
2881 2623 20
3686 1686 27
2639 2642 7
2922 1297 81
516 919 84
2763 1238 27
1529 758 60
1706 2761 15
2139 23 21
2286 846 30
2872 1041 31
1321 2690 94
973 1188 94
3665 305 81
3576 2763 76
3640 1452 0
2109 2824 69
1681 629 11
3243 3980 51
3122 1784 53
2870 394 17
3128 3406 58
3982 2149 94
2020 2959 83
2737 336 41
290 1746 3
1947 325 96
3681 2366 61
1370 3513 82
102 1400 1
2529 3804 28
1840 3028 40
403 2372 74
2554 1571 66
3175 3554 34
1893 463 3
3035 726 26
2878 3154 83
877 1712 64
1333 3323 94
1139 3399 22
3283 348 5
3066 1904 4
1751 1440 8
1222 2558 34
2903 571 76
3845 1214 11
2369 2778 20
3737 3806 3
599 1990 7
651 1202 81
1502 3353 82
336 3343 66
2618 3514 9
2352 699 40
1697 1161 43
2833 558 21
1005 659 75
2568 1 3
290 1457 94
1086 3898 93
2241 3392 29
1335 2909 61
1657 394 36
3311 1506 27
1429 2305 50
529 3135 49
2720 1482 1
820 668 74
578 1122 83
553 2229 19
2273 3374 52
2810 1801 3
2601 3591 51
224 3284 59
817 1786 62
640 3090 50
1218 2999 1
2704 1966 92
2608 353 6
884 185 84
723 1661 17
1433 1324 48
3669 3675 20
1159 2858 26
3995 3034 76
3200 1015 90
2723 739 66
691 957 70
263 3562 65
3129 766 45
1908 3383 34
138 2770 44
153 3247 36
3251 893 68
2000 3701 62
19 3349 63
390 1938 67
554 3538 61
3224 263 97
554 2872 91
766 1719 79
726 2241 50
3624 2229 34
510 657 42
619 2842 61
66 3808 25
260 823 22
3536 1685 70
2551 2635 40
94 2430 71
445 1737 70
3539 806 93
985 2711 84
3758 1585 7
2199 3163 83
633 3214 60
2045 2202 47
1269 259 28
3532 491 37
3633 3263 80
2579 991 48
503 3910 49
1424 3690 93
1504 3935 15
2494 2886 25
1626 921 8
2680 1262 17
2988 786 26
1997 2094 58
1737 2734 46
1184 77 5
587 960 83
1779 3528 95
261 1080 32
52 2987 32
1202 2115 5
195 3572 53
949 267 97
884 3005 13
3439 1538 62
1831 985 77
2647 1068 47
1085 3119 67
973 909 65
470 2151 12
1660 1384 83
847 3257 18
942 180 76
2538 2768 47
1873 2151 86
2125 1475 52
3817 411 95
1275 555 81
3304 3248 44
2008 3764 78
485 1993 94
16 2577 65
1935 1441 22
2299 1139 47
3069 218 12
962 2459 50
3205 2372 43
662 3701 34
2040 2482 93
3153 1959 24
599 3688 59
2446 3842 82
3008 232 22
1233 2853 29
2643 1939 68
2675 1832 59
3096 2980 66
77 3544 69
2803 2776 37
2857 2128 99
2505 2087 27
2290 1520 18
907 1451 0
2430 2428 34
592 3455 90
2113 961 3
252 180 78
1627 544 55
1452 2851 56
272 764 78
3233 2734 89
1234 2847 27
51 3827 77
3229 236 31
1903 3466 34
1360 1679 74
2386 3946 77
146 3950 87
718 617 56
1676 2130 59
2478 3313 5
1855 1224 29
1877 783 0
2940 1953 64
2553 235 72
3671 3802 45
1552 1818 34
3126 1462 8
1695 3473 35
2069 1473 75
349 2216 36
437 171 12
1395 185 65
3385 1935 77
1580 2204 45
2501 3337 32
204 732 90
1949 1816 11
3768 733 7
3834 3973 61
2351 133 21
417 2181 70
1402 2842 45
517 378 2
2833 2299 1
739 1061 99
2726 2468 15
3036 1014 36
1448 3004 38
1666 3896 6
1002 1783 27
1758 3356 78
2354 455 47
1721 17 7
2809 2444 81
1893 3901 69
1293 1603 62
375 1955 7
270 3037 50
1244 2260 72
420 2434 23
237 1901 91
218 2956 93
3169 916 31
2176 1395 54
3170 104 81
394 2221 38
3014 165 78
3168 3139 4
3764 29 8
3263 1487 47
563 3501 71
1937 3310 43
1816 3302 77
3555 1382 35
1227 817 28
3790 1730 76
1689 3780 17
178 1304 53
521 2706 43
2369 2772 61
3014 855 22
1866 2709 89
3169 2768 54
3219 1672 84
3902 3363 61
3909 406 38
3230 1731 34
3062 2183 58
3581 1242 81
475 2903 76
762 3967 22
3342 2750 95
438 3269 81
2694 1502 71
3195 656 56
1439 1470 26
2765 431 75
2580 1416 68
2539 3962 61
1318 3792 5
2589 2271 61
1821 2684 30
3849 3458 61
463 1017 67
3170 2334 68
1632 3837 16
690 1658 93
3215 3573 52
3760 2427 70
3054 3752 22
2453 3767 87
1765 533 75
1835 1779 75
2532 3911 81
907 75 74
3188 578 90
1314 435 63
1164 2598 91
3225 1727 43
1305 2186 15
3234 483 79
2031 3921 34
2928 1010 27
2084 447 88
954 2362 14
311 3263 47
3329 292 3
2154 48 37
3443 2083 94
2126 3380 19
2827 2145 4
2151 101 67
1998 882 10
1880 1497 2
3753 1624 51
1458 2569 23
887 1057 38
2650 1877 12
1744 599 76
949 78 55
3504 3828 9
403 884 3
1820 1821 6
188 2269 69
3803 524 25
3633 1724 69
250 3869 91
697 2374 78
185 2712 53
360 2598 43
47 3497 20
3966 890 9
2202 2899 3
1443 2069 45
170 819 15
3930 2316 49
3052 1603 30
179 3417 17
3504 2158 95
125 3120 35
2626 2291 86
762 1058 42
1585 1472 89
716 3407 43
2877 998 67
574 3181 20
2557 384 73
3610 2849 37
1075 2482 27
1370 481 10
1512 2824 23
500 2940 83
3680 2006 91
1514 2312 67
3953 3090 46
689 1181 13
1194 861 85
2442 2499 53
2438 3929 85
1848 3751 5
59 1003 44
306 2190 78
985 223 5
2151 3106 44
1836 2482 7
1400 175 32
3198 3038 78
1385 1822 61
539 1883 67
103 1231 20
2451 2039 70
3981 3770 92
215 2680 59
851 1531 54
358 3390 90
3720 1396 58
205 588 77
1615 3581 95
559 2735 71
888 1446 23
1995 3690 4
2861 1144 30
295 90 4
144 197 42
2695 2255 42
3035 2599 32
81 84 33
3927 690 77
3207 2275 19
1640 3588 2
1444 562 59
1963 3355 97
1797 437 51
3285 1610 29
2452 2371 77
3015 2379 80
2082 1742 67
3676 748 81
238 1173 32
3393 3189 86
2089 99 71
3688 885 85
3120 2671 42
3964 1432 0
1039 2117 38
618 2754 2
2319 3902 80
2322 2023 10
3946 2433 91
962 983 84
731 1132 0
3191 1834 87
3610 2164 83
3156 1879 94
683 1977 84
272 3452 14
1938 1879 60
1086 3566 62
1001 1073 37
1724 3409 84
749 3835 77
546 2031 12
747 3088 87
1580 133 91
2799 1445 90
2935 3662 48
1207 3526 2
2547 2605 2
1369 1125 41
235 2943 44
242 910 92
1675 2138 91
139 1126 57
3566 321 83
2484 1885 4
814 1077 15
2079 1521 34
3700 1672 71
3258 2508 59
890 3213 40
2160 2969 26
2821 1886 30
1615 1442 25
1371 1864 24
1262 2957 71
1372 2855 83
1997 3114 91
47 2175 18
893 2994 9
807 2441 74
962 3784 39
396 3036 81
2425 1846 33
3891 1838 14
561 2710 63
904 3791 0
1004 1285 82
1138 92 98
3126 1875 14
3119 2752 16
3051 3953 11
3675 2303 6
124 1794 99
2057 1155 47
441 326 42
2943 2391 7
186 2944 28
756 2747 77
1243 1393 12
3922 3724 4
592 1253 87
2569 850 61
218 3442 5
1977 3248 87
1204 1338 94
2212 103 53
2318 1198 89
2813 3926 52
294 2324 12
625 1411 82
358 1371 91
3587 2887 32
227 2563 34
3092 2792 74
221 2652 10
267 1890 5
3385 2807 12
2136 1081 71
441 377 86
3247 2708 60
2434 3383 66
2378 3328 87
2634 1977 44
3233 3816 83
2303 3574 89
2696 2207 8
1287 1863 12
2945 2061 24
990 3257 93
2192 862 23
2140 294 22
2194 2879 82
2019 861 19
615 1453 28
30 1925 20
1462 3775 59
1057 1573 59
556 3818 20
750 2879 15
2974 2285 83
360 1102 1
2827 1696 42
118 760 12
2173 804 15
2509 2003 60
124 1097 58
598 202 20
1228 3224 12
2126 624 22
2244 796 95
902 2430 26
1974 1104 97
805 299 85
3578 42 40
2105 155 61
2332 1700 26
3489 3026 26
3857 400 25
3059 1914 25
53 34 27
1232 149 65
3457 3361 39
1310 3530 70
3165 2425 49
1530 3080 40
3829 3158 68
49 1300 99
1330 3093 35
2303 1044 24
72 1024 24
3453 3939 80
3656 454 88
493 1143 0
3142 1518 6
3601 3386 79
2 2522 52
3092 1665 99
1852 2604 85
2170 2476 92
639 2568 64
748 2412 73
3538 3917 74
1050 1514 34
1497 1769 86
1927 2284 13
3582 1995 17
2046 3029 0
256 1960 48
347 2771 38
579 778 30
1906 3110 9
3766 2750 15
695 1885 10
2942 1276 79
219 969 12
1019 2165 16
1068 1872 95
3907 1937 51
815 2100 43
2662 3396 51
747 2553 0
2035 2068 25
3028 2372 65
850 2284 52
500 349 50
1607 2842 26
2000 3480 41
2311 144 86
3157 3374 80
2693 1523 67
478 1066 45
881 3626 88
3949 1823 40
647 704 79
1754 3801 11
3019 3302 90
941 1988 0
3304 1508 91
3074 2869 56
2477 3127 96
718 1633 8
341 1526 59
63 93 91
3063 3946 10
1179 3846 49
1418 3975 9
481 377 59
899 69 60
2534 1033 57
89 2172 20
3410 1682 51
2787 513 26
2086 3049 44
3777 389 71
2556 2221 8
1509 983 87
3369 2463 19
2695 3243 90
3045 3255 9
144 1838 46
229 3225 7
1894 2415 4
767 2419 83
1864 2625 41
1164 3164 97
3092 3203 22
307 2649 25
772 2878 50
3778 3955 75
1267 428 91
1181 2684 6
1551 2592 83
1840 2633 22
3841 3478 24
307 300 39
720 3917 77
3935 373 42
2159 2401 31
2192 418 7
2141 950 20
2893 566 29
1725 2912 91
1456 1389 27
2387 3296 93
2817 3392 60
235 3770 34
2937 3113 63
2120 597 36
3150 3443 3
2553 2946 30
3783 226 35
10 3199 39
1729 2619 32
2638 919 20
431 3756 27
3243 2636 83
1781 2956 6
2388 2279 91
3432 3395 14
3558 938 94
3047 2886 14
1598 3663 0
507 3543 52
223 1551 88
1024 1130 54
221 3903 74
1178 832 21
1310 2234 34
1007 50 29
3598 3358 27
1602 164 40
1613 1450 5
1512 675 6
942 1161 88
1886 214 48
3284 2253 3
2104 3403 92
3174 741 46
331 2742 10
2134 170 48
1850 2740 25
93 3300 86
2576 3059 8
2221 2260 58
1875 523 83
1830 3852 31
3345 2006 56
2977 2551 69
3028 395 96
2491 253 14
1503 3506 24
2880 491 93
3698 3725 69
2926 2510 93
2899 2927 77
3425 884 88
196 543 77
3836 1896 3
860 434 46
108 1036 13
3885 90 61
222 2387 11
3106 3084 95
1473 1887 86
2373 1064 79
3080 2214 43
178 2787 57
211 2439 21
2684 347 32
1970 516 28
3821 3196 40
2415 3244 62
2206 705 39
1117 447 3
3100 2920 50
891 3616 43
3107 1210 67
1986 1120 78
3984 841 66
2769 949 55
3759 388 55
579 3046 59
649 2790 66
815 1476 71
3802 1698 36
594 961 72
682 2718 21
2401 1982 27
461 2273 90
2268 148 76
523 186 53
512 3383 97
3634 1491 67
2569 1386 82
2361 1900 94
635 2267 72
2309 816 1
1150 1336 60
1895 2572 34
3366 1844 95
1966 911 51
2048 1043 90
1869 3802 37
3684 1895 91
470 2009 91
2201 2809 99
795 2947 23
2379 3975 81
1884 3224 37
777 145 87
77 1995 6
3403 907 63
1894 3353 66
3041 2431 34
1095 1874 89
464 2281 70
1779 2150 90
2889 2899 24
1555 512 77
3353 406 12
1211 632 23
308 833 34
2651 2115 22
1397 3621 15
436 1170 55
1119 2142 68
1617 196 48
2532 1580 63
2770 38 52
2929 2082 87
1145 1019 96
2424 202 20
153 415 63
2442 2632 1
2191 301 69
856 2331 6
1623 2710 90
362 1489 35
1968 3105 91
520 1789 44
2113 3377 21
1600 1899 15
728 3617 11
3852 501 78
3305 2746 75
1493 1767 91
2052 681 43
3625 2338 7
2718 1531 20
3591 247 65
2922 3820 56
1126 3381 84
1795 1414 62
3195 2433 23
2271 954 69
1107 3485 79
2817 2995 77
69 3989 81
1606 2661 50
904 2497 98
386 682 76
2310 1148 76
572 1214 98
2412 3684 76
1671 3601 26
3017 1492 54
3876 2466 25
3922 1638 84
932 1542 72
1832 3 48
3915 1006 21
496 424 21
3272 1438 95
566 908 7
1520 1912 5
2952 3826 23
155 209 20
3987 3066 18
2375 3120 86
225 2703 89
3280 896 58
651 1487 99
1562 3064 90
3970 324 82
2296 3451 61
1385 3034 65
2051 365 79
1338 810 84
1981 2636 97
2781 2983 96
766 3361 18
454 1859 77
3739 3256 9
1508 351 56
912 3898 28
3827 1889 92
190 3020 45
468 2533 99
3720 510 80
1071 1529 29
71 3774 36
514 520 8
2020 2244 81
518 3342 48
1183 3428 11
2732 1921 61
2189 659 97
948 1989 12
1333 2401 70
3797 3955 79
3129 292 10
3660 3828 66
1248 2737 44
728 793 22
1507 229 96
3227 1126 47
305 134 30
2550 3374 22
2094 1534 40
3261 693 74
699 495 55
669 3882 80
3353 2281 55
1745 1009 37
1258 1430 14
2405 2633 93
1887 991 15
1745 482 12
1603 2294 35
1093 226 10
3444 1850 94
2672 109 12
549 1375 76
1853 3989 1
210 3722 11
1491 2950 41
3117 3180 32
1868 2541 7
3397 1693 13
274 3400 97
2916 210 21
2636 713 83
247 2562 73
357 621 6
3522 1345 2
2538 917 86
2944 3346 45
1198 214 82
3698 329 41
3584 2147 96
1370 1774 42
3398 3637 10
3637 1452 6
1975 1002 82
1658 637 14
3532 975 42
545 927 89
2549 85 28
2090 508 85
1934 2882 59
3375 13 90
25 2558 85
921 2328 83
2182 108 5
2282 2489 78
2188 2856 82
500 691 24
3674 3030 2
3139 1602 35
2245 1784 59
2733 95 40
2448 1009 95
3264 3989 29
989 384 36
2976 1144 41
1758 3364 94
2129 436 95
853 1457 67
2208 886 29
44 2984 56
2757 1124 68
1046 3165 97
167 736 15
3414 2255 32
3811 3140 15
552 2179 51
898 3349 38
2875 2596 59
1939 1458 16
3033 1074 46
3872 1 9
1520 628 78
2538 199 48
3671 612 46
3725 3011 12
2471 775 9
247 1957 91
3849 3495 14
669 2846 95
2020 1823 14
435 3381 40
1740 2678 59
3491 1684 7
3178 3419 54
3021 2681 45
1455 2327 96
3553 3220 50
338 1646 62
2211 1169 4
48 1079 33
2891 3341 25
894 889 41
2826 628 69
1486 1737 43
2531 1363 54
1104 2063 31
131 2980 90
3079 3159 87
889 1287 87
2128 757 85
64 465 16
3066 3113 1
457 311 84
1098 2148 56
350 1972 95
2376 1461 39
1913 3025 73
3819 3388 96
600 335 59
836 602 35
589 734 76
3612 3307 75
87 1016 47
614 2499 70
1114 832 40
2807 1428 53
2013 3049 86
2180 1385 53
1857 819 34
2365 428 25
2037 1319 50
1328 3158 76
2407 818 63
3182 1166 68
1206 1970 38
1453 761 57
2605 2597 96
2509 1508 80
2298 2174 87
1068 404 18
1479 3353 77
398 1309 52
1499 404 64
2179 850 91
3273 2272 20
2285 1646 34
86 2589 20
984 3260 66
3362 256 0
697 1875 30
1338 3323 89
2691 1983 56
3117 1693 52
1453 1225 66
301 2892 64
1627 2535 47
749 1823 78
3090 3138 41
1575 898 24
975 821 9
3976 413 71
810 2296 48
219 101 98
3507 3796 77
1428 1452 62
1309 1103 73
1481 1317 61
383 1792 71
3068 2552 75
1921 785 34
244 192 69
3634 1549 92
1114 3702 9
3758 1802 87
1560 2411 34
1239 2864 55
177 376 24
1279 2232 68
3693 747 34
3499 61 22
3207 284 91
1104 1003 77
1307 2370 47
1073 1420 29
1980 1078 10
3895 575 82
402 2732 46
2701 1493 4
3694 3010 81
2420 2012 61
3776 1047 31
2422 902 39
2868 485 69
767 425 74
1263 2155 95
1452 3108 74
1549 1803 55
757 2616 53
2417 3019 51
484 1172 57
3139 286 33
207 3354 98
2690 1106 50
3952 494 54
3944 1714 70
473 2767 18
1844 3829 24
1437 2063 68
451 263 40
971 3120 93
2243 2217 52
429 1080 91
1509 3453 25
2335 537 40
748 2752 95
2409 162 14
3440 1522 10
1993 934 71
2508 2157 95
1811 2916 8
1729 809 66
3822 2352 26
195 2173 3
1217 2327 90
807 331 74
2803 3364 68
2026 3103 32
412 1794 64
3744 3656 36
2750 1667 76
294 2123 51
3629 3533 95
128 364 14
154 3265 92
3480 3265 48
797 1486 98
3049 345 1
1111 2771 6
3909 2201 99
3631 2814 20
251 530 53
2829 1276 98
2374 579 37
2211 280 49
2478 184 35
3216 2268 45
1524 3607 22
1573 1407 75
3856 1665 80
2148 2803 27
966 3403 85
1760 3771 87
2005 24 32
515 289 43
3916 1509 68
2826 455 52
3049 70 4
3737 490 73
484 824 8
914 1400 36
241 2038 44
2821 3537 69
1669 211 99
2463 1008 73
3884 2656 97
1452 305 51
2355 3158 0
1002 1502 82
1982 2259 96
3205 195 79
2822 1735 47
346 1105 66
1047 470 78
572 3396 50
1398 359 31
1014 2667 92
33 2091 7
762 3809 24
3789 3449 80
2650 1495 56
1017 3305 53
2236 2786 92
135 508 41
2960 1045 93
1378 226 0
798 1966 57
3210 604 45
1934 2231 56
948 2285 78
2185 545 82
3730 3443 36
1091 1713 64
3416 3539 11
3467 512 65
1064 3185 93
3742 2129 15
797 1387 66
2491 3867 92
3401 1179 50
2556 3876 16
3677 67 1
152 1090 92
3156 2847 88
2872 387 42
1621 2661 72
2489 3473 65
972 3650 84
937 1288 80
237 1231 47
2950 2457 39
1981 295 81
2951 1062 69
2685 3546 29
1157 3225 90
3825 922 63
2652 2769 98
1632 1520 8
3934 1362 8
1407 2732 15
1668 3622 38
3943 1566 53
1787 389 3
3210 2080 76
1460 888 86
1028 2478 54
3043 3710 56
1730 2699 26
1773 460 93
1793 2877 37
1905 433 50
3825 683 54
1952 3021 74
3993 415 52
310 37 38
3891 2157 66
2948 1246 56
2971 2516 57
2796 410 13
2322 228 92
1360 3402 57
2085 2868 15
2517 10 51
165 3518 0
224 2696 2
1283 311 10
387 2565 66
196 2380 62
2908 3366 71
2254 3591 18
276 126 35
1793 1857 26
2373 1023 42
1244 485 20
3208 3443 95
262 2091 96
1038 1792 93
3306 3910 40
543 2444 69
427 1062 54
78 1972 47
668 643 71
2459 2885 5
1956 3289 79
2841 2052 47
492 846 31
1569 2584 5
1398 2129 24
1527 2226 20
2511 3426 95
609 1322 40
2126 1397 65
3268 2663 95
3827 1519 21
1488 426 55
3021 2723 7
659 1300 88
875 3495 74
98 1823 75
193 754 32
2629 319 98
2106 1715 9
3908 3584 78
387 2602 46
1612 3112 88
3367 910 43
3362 1248 30
1346 1459 75
2777 842 0
2191 2143 58
1924 2508 32
2650 2432 61
292 3304 94
2981 993 23
63 1068 59
1244 3242 38
3376 110 55
2886 1656 48
2336 337 16
123 2258 63
6 1351 26
645 3263 18
190 2141 78
628 1453 90
477 1424 23
2312 92 68
199 182 40
2411 2170 96
1996 67 25
1288 676 28
3038 2109 22
3767 642 3
2324 1461 60
2529 2031 14
3232 905 43
2719 2501 11
615 2898 0
1375 3878 86
2515 590 98
1267 1948 75
3358 2334 49
1768 699 50
3450 3045 70
3403 1533 54
376 3047 56
3605 728 57
2751 199 22
2259 3388 23
1644 2562 37
148 376 94
105 685 23
1901 2236 15
999 1763 34
3863 3888 56
1151 3013 40
3194 2466 62
3630 2752 23
90 1900 37
1174 260 1
3704 2322 28
88 973 26
443 216 88
206 640 31
113 788 24
2554 3359 61
1791 2273 20
832 904 63
3052 3408 80
3380 2504 78
3641 90 54
2076 489 68
3954 1244 30
3392 946 71
2277 1987 78
1129 537 7
1648 3747 11
402 919 99
1178 3800 38
1257 3119 90
1142 20 2
3010 3516 95
3064 3755 50
1001 1894 15
2974 438 72
1115 1395 48
1649 814 83
133 2533 90
313 2428 26
983 99 8
3863 1980 2
3572 3798 60
230 677 23
779 1478 8
22 3311 39
3620 1194 69
1868 1375 87
1489 951 30
1536 3879 31
705 105 45
383 3384 10
1576 1185 62
634 1032 82
361 1589 63
2454 3159 89
2770 2403 18
2436 2355 58
2050 2306 66
3404 3501 62
767 1759 25
1979 657 0
1667 916 44
1482 2847 55
894 261 84
911 1454 47
2893 393 76
1094 2598 54
629 1649 12
3900 705 38
2020 2691 3
3591 1464 34
1616 2780 79
3593 1290 85
3189 1639 5
375 2915 28
3911 994 29
2246 3984 64
3881 2828 25
1244 850 59
2903 3391 17
3439 1402 40
1933 2005 55
766 3859 21
861 2493 1
1029 3031 47
1601 761 17
2937 1787 44
2214 3639 38
1117 207 56
2715 3506 36
1103 3408 72
3204 2721 48
1724 2531 18
1538 3091 8
1663 1401 74
3873 1961 20
1436 1032 69
1182 1930 57
2742 3495 76
1035 1889 79
2731 2361 98
3947 756 76
1761 2783 54
2665 37 22
610 3665 1
1235 3582 93
2933 2244 53
216 3230 23
982 1899 88
2280 8 66
348 2266 90
1849 3053 32
2223 1085 26
3338 1800 25
3890 2597 89
115 1601 81
1923 892 59
1385 1311 82
694 3810 3
1604 652 99
2114 817 94
1038 2972 36
1453 3112 29
994 2911 86
1324 3851 61
2675 1749 61
1964 2622 62
582 1696 71
2991 124 25
1454 782 75
689 583 15
1045 956 3
342 3751 74
2402 3728 48
3897 2221 93
3650 3438 55
400 1367 11
329 663 44
986 1576 36
3969 1041 61
1081 1526 37
2687 2445 9
1633 478 70
539 1013 41
1417 1590 21
2053 835 92
502 3077 22
1881 2666 0
3401 3736 68
2772 1130 91
2583 1377 45
2544 617 61
2929 3399 47
3570 868 23
1455 937 52
3858 914 33
3123 3159 79
1461 1071 91
564 3731 0
480 552 1
2404 3238 69
266 3717 45
3659 2668 75
588 3633 22
2698 2837 82
3790 2731 80
973 3385 9
3368 2957 49
3702 3034 69
3726 2177 77
2672 158 10
340 1213 22
3933 169 73
446 803 54
673 588 4
461 1408 2
3148 1984 41
2948 966 52
2082 3461 23
1924 2290 24
2863 16 22
2620 2198 28
2916 52 31
3351 964 8
1990 2884 8
2275 1863 13
3734 2566 55
1962 1260 88
337 1338 15
3301 2989 76
2431 913 16
2636 200 95
3879 1657 16
475 2860 16
1115 3609 56
813 3855 38
2634 48 10
2648 3440 43
305 3335 68
550 1960 99
2632 3391 10
2547 1004 77
986 2950 35
489 2026 96
1024 768 64
2248 3466 48
3715 3490 8
1488 405 30
2475 3389 95
1977 3734 68
1621 2938 90
2001 548 67
2247 2136 43
2038 254 56
2794 1191 69
70 3133 49
1875 1773 92
1751 3972 25
3532 1907 80
2688 2443 27
1941 1735 58
1075 2372 37
3986 600 46
2175 3981 63
2876 3868 95
2355 3651 99
24 2282 86
3309 675 33
1522 1450 79
207 3637 62
3109 2215 79
3651 3828 27
3008 1557 59
3647 3463 95
758 3263 66
797 540 42
1150 1439 76
711 2941 91
3023 1186 73
1993 1225 61
1707 2517 70
3731 1678 5
66 897 77
311 2633 43
807 185 57
3156 3113 24
1217 3597 75
3121 1991 14
2090 2968 31
3233 1725 43
2495 353 28
2637 2434 29
3777 3700 22
1460 2171 13
443 2671 6
3049 674 70
3007 448 60
1921 883 43
86 1059 52
2111 2257 61
497 295 16
274 2028 8
1394 1475 34
3514 683 8
3576 1876 59
3416 1930 80
330 3288 21
2085 457 64
1649 3587 15
576 2293 29
1536 613 41
1062 643 90
1755 2126 47
2991 3824 90
650 1741 41
272 2063 46
663 219 87
2682 369 27
3082 3512 45
3761 1233 92
620 3445 13
2146 3791 49
553 2670 99
2853 1159 52
680 238 38
1712 3089 58
2463 2803 23
370 2209 77
3256 2343 78
3941 188 92
3290 3209 40
1245 276 52
2784 293 14
1353 2232 3
2616 2484 0
585 3673 10
3233 1937 6
2760 3744 16
3669 2375 10
1619 268 70
3620 3796 92
2057 3856 55
89 2159 90
281 3308 7
2009 1386 52
3948 3731 84
1010 3739 29
2519 3118 39
1373 1949 34
798 2504 10
1632 1787 82
2852 3622 32
3601 1405 11
997 2548 56
3145 2665 49
3149 2013 59
1569 1143 27
1007 3581 8
3502 1278 2
3750 443 62
1866 942 9
1704 3020 21
2805 3518 28
1955 1158 5
152 1150 71
2077 802 80
2580 3227 55
3361 2356 93
3355 2903 84
117 3946 82
138 3244 42
3432 2761 44
3034 1938 16
1620 3726 16
2308 3652 85
2065 265 19
2009 2347 75
2656 3453 14
2621 2188 83
3356 2393 61
2911 1910 61
2706 955 68
901 3875 76
2084 3824 0
2099 274 84
2034 520 15
2119 3159 1
1454 13 86
682 1880 87
2646 550 84
2137 2283 95
412 3920 67
1229 2490 62
2800 2528 75
1308 2613 89
1154 479 0
1680 223 25
552 856 93
1433 1478 57
1952 3798 37
693 1652 62
2440 2082 58
3944 2 49
3227 694 42
3619 3395 70
1527 3736 37
1720 367 30
2439 64 62
3000 175 16
3800 3210 73
2917 3740 41
1080 3949 94
3465 2274 72
3412 3228 10
1927 1517 85
3203 3686 94
3327 2237 13
1814 739 35
1932 832 37
3241 807 46
20 1903 53
3854 3929 18
3618 3332 94
731 413 18
665 10 36
3343 1183 93
2986 2842 59
2522 454 17
1766 2850 12
2351 3957 78
444 439 75
3292 2979 82
2477 160 63
2994 1502 57
1140 2234 63
1922 3102 28
3975 1689 70
2618 999 61
2523 166 77
3807 3165 93
1603 3370 65
3036 2906 85
62 1750 68
3979 1820 25
89 388 76
2169 257 96
540 2217 54
1562 954 64
1757 1201 29
3082 1929 63
2224 550 99
1651 3189 53
3674 1479 25
1209 3652 61
1541 202 75
36 3066 5
3644 3729 79
198 1140 52
3983 2063 65
1409 2081 47
2569 862 39
407 2261 14
2780 758 21
3150 408 60
91 1759 64
452 2768 23
2506 3752 39
879 3349 10
136 2317 73
3653 13 46
3709 1893 86
3078 2754 94
1690 2399 0
3098 1433 73
956 2573 92
3236 798 46
3152 1708 11
3253 565 65
138 2933 99
1341 2897 52
1680 1809 52
1994 2625 9
1816 220 92
3818 1560 68
278 178 44
308 3507 46
1069 568 21
3142 1082 2
894 3616 28
1972 2718 55
3506 3976 1
2379 324 24
1116 2879 18
3893 823 70
3952 3692 55
2123 483 23
1842 552 91
3676 3088 67
2008 1738 31
229 744 65
1328 2783 33
1969 2903 32
1393 1135 64
3540 719 38
3287 1757 17
138 1361 25
3557 786 1
27 1166 61
1235 1225 92
743 922 42
1122 1236 51
1106 704 93
199 3598 54
3343 226 17
144 1939 83
544 136 23
2998 3072 85
1449 88 20
2041 3777 93
3815 349 47
1739 3548 6
1908 406 43
3939 2020 85
3994 778 52
1421 721 29
3015 1626 58
3044 780 44
1637 3621 52
1744 2204 62
2169 872 30
670 860 85
2994 2885 79
2218 3056 81
702 39 8
3136 429 32
2091 2136 21
2574 3179 98
3714 1775 31
3457 3145 79
1520 2680 10
3338 1212 68
963 539 98
359 950 88
1922 3076 7
3461 2516 60
3784 622 61
3045 3315 34
3846 1912 59
3876 2557 60
281 3019 80
639 2754 36
530 1009 31
1985 1468 89
1111 2705 20
405 1944 98
3704 3832 77
2366 1475 88
221 2756 77
3359 1666 37
2278 3670 13
2735 111 13
1287 3979 20
2697 1997 78
2968 3350 13
1112 3101 78
2460 1025 78
1741 2103 50
3680 3160 32
1430 1642 81
802 3919 76
82 3930 69
2551 3883 46
672 768 57
3263 1196 54
2938 870 28
3239 1109 10
1645 2905 81
3709 1532 14
2647 1332 67
3739 1377 90
1159 3821 86
699 3573 5
2169 1366 31
711 50 2
1588 544 74
3647 2776 53
3083 59 16
1731 2186 84
1820 245 52
535 877 3
2999 3930 62
2359 1655 99
3132 3222 62
580 684 11
3359 2231 78
832 11 36
3304 1354 26
431 2068 97
1462 411 62
1312 1487 13
2661 3686 53
3011 1559 15
815 3959 12
3175 1273 23
90 2980 82
795 1601 81
1522 2875 36
2113 943 74
1083 3173 17
1046 2703 18
3030 1160 31
3455 613 70
739 893 45
2850 412 92
1055 102 45
494 691 0
2207 356 76
670 2975 14
1336 2514 74
2737 1651 69
3742 937 9
3681 736 33
408 948 87
3350 3310 95
504 1750 19
230 3855 78
1104 3665 84
1591 3847 86
958 3409 60
2492 989 2
449 3720 20
3148 3511 33
2780 1931 91
1812 125 30
2548 2729 76
664 2807 6
3435 3766 99
2956 559 64
2665 647 56
3651 2265 27
256 488 85
683 2873 45
1786 1831 42
1892 355 93
3495 600 28
1456 2625 49
845 1708 85
3293 526 57
1652 2537 63
1518 1476 68
2036 1331 6
1380 352 1
2184 291 17
735 3180 43
1479 3501 96
2775 2282 39
572 3936 80
1059 1266 55
3888 1437 90
3587 3007 81
1997 3697 20
656 1474 8
2869 3516 19
632 373 21
2449 2208 22
2862 866 5
583 3106 89
1508 774 67
1088 2333 5
3392 3436 38
1274 456 7
2570 2313 53
3347 3705 56
1698 461 31
2015 233 4
3164 3290 97
399 1776 92
1933 2729 71
654 1557 70
1353 1858 93
215 1142 23
169 954 51
12 711 38
3207 3183 18
2961 681 74
2241 476 92
2901 1372 81
542 1741 33
1208 3974 91
2075 2809 83
1182 2167 14
3935 2737 44
2885 765 83
852 19 52
3563 3052 4
3585 2371 24
2480 3590 30
1233 3891 25
3603 2643 75
641 1391 19
3073 229 95
3103 2070 88
593 3673 91
864 3030 32
248 2119 54
1480 3208 15
3552 613 53
607 1254 25
2960 2551 31
1828 500 31
3048 3620 65
524 2888 20
782 2609 1
3234 2948 26
1930 2713 23
537 1715 37
3649 1305 47
548 3301 89
35 1055 81
3058 3228 28
2766 586 86
2147 2916 29
3958 1396 9
1742 601 38
2956 1836 28
361 3674 82
46 3848 28
1886 1248 81
2944 3910 47
3854 3483 38
1929 3083 53
2988 1672 44
2401 642 73
1009 3670 78
2545 1823 18
461 3082 28
3443 3749 91
379 1046 29
2964 1907 84
1549 1532 24
780 227 76
1383 3099 52
2161 502 82
263 1012 6
2275 2629 88
2740 1643 94
862 3952 13
2129 3095 51
1471 3005 5
250 943 58
3032 2364 13
3891 2535 71
972 60 20
780 520 62
2379 2975 83
3005 3276 33
527 2274 71
3938 1269 97
3070 2396 56
3018 748 26
3283 1533 98
3070 768 23
161 3203 5
368 456 8
1398 1242 76
156 3563 91
621 1491 9
1790 2675 1
1454 1176 96
2605 3557 78
775 2427 59
986 3030 56
2446 1732 28
1088 166 11
3698 3861 5
2527 677 80
2989 3762 1
3347 1243 15
164 547 84
1186 323 86
1410 1798 50
519 3578 70
1499 1038 37
663 286 68
2032 1106 66
3665 704 49
108 1322 75
494 3419 40
8 1431 97
1362 872 77
2843 2262 31
1744 510 46
3869 743 54
636 1504 61
410 2804 37
145 3348 74
3707 3685 75
2286 1165 56
2207 1068 32
442 1904 99
1396 886 88
1783 867 94
1347 2330 60
3905 3309 84
3415 2835 57
1562 3050 27
2363 2709 70
436 3878 88
597 2511 6
3129 3291 20
3150 796 7
1681 2802 48
989 3331 97
2446 2337 81
1382 2935 61
601 1691 42
305 494 19
1136 249 91
3874 1513 55
1864 2799 79
3124 303 29
988 1964 19
3465 1986 76
759 890 53
2777 718 80
2943 675 95
3193 2708 18
1346 285 17
1510 1634 50
3722 3281 20
3038 1201 67
1729 60 95
869 264 68
1724 1230 76
3446 2801 4
3740 2706 48
2905 946 38
1344 887 5
1327 3593 84
3934 1343 75
798 2248 93
1572 331 69
2643 2042 20
2477 2616 84
3047 567 19
29 3596 28
3422 1847 1
2987 3986 13
3850 2561 23
156 2913 51
2036 1662 13
2322 1838 10
3364 2220 59
2642 2478 35
3055 23 22
1261 3781 83
3784 216 86
1019 1062 6
1641 3941 15
223 3121 87
301 3199 14
256 3182 12
3967 2329 1
3678 2660 83
1619 1092 95
548 3081 89
3349 1228 98
1588 1035 92
1452 630 12
2326 2051 65
3984 1563 4
579 2963 38
671 2760 34
2022 3736 91
978 2652 81
3654 1787 42
3740 3958 34
1959 1152 99
1365 3333 52
1486 1134 89
882 2545 46
1104 2501 30
2788 83 42
738 3737 29
310 308 80
3952 3736 20
3182 951 14
2056 2982 64
1268 51 75
80 1140 69
3287 2212 86
2239 53 7
2116 1334 50
1477 704 75
3746 3155 4
3593 2440 53
3875 1570 9
3338 2064 64
3618 2492 16
2867 887 4
1679 2581 61
1094 3160 42
1301 397 30
3646 74 63
2220 1894 24
1236 3074 78
441 2017 83
66 2640 85
536 117 25
1176 877 93
1416 764 91
1816 2958 2
537 2426 41
993 619 56
3057 3276 94
425 1666 48
2077 3526 58
2794 695 51
1759 2801 76
332 3465 80
859 2265 0
427 717 25
2730 1416 53
1304 371 37
3859 968 42
2005 596 70
696 1347 22
2830 11 47
2465 1947 42
593 3272 62
1995 389 52
3112 3506 12
1976 1024 68
1588 2453 88
1363 2837 74
3905 3169 68
1154 247 43
1386 404 53
2385 3722 41
2227 1466 11
2665 1956 48
1973 756 63
2785 1747 66
2525 857 76
1660 3895 47
2250 1726 24
2178 449 13
3465 254 11
2878 1819 96
2842 1337 52
1044 2695 40
1328 1284 71
342 1322 35
1323 107 50
193 1658 98
545 1689 85
3868 1508 50
1480 2887 5
3034 1649 12
1906 1514 67
2693 2881 43
2667 1023 46
2507 1846 3
3853 933 84
2047 1455 17
3221 734 68
2153 256 60
2624 326 51
2107 2120 55
2053 3110 77
1790 2042 37
1876 2844 63
1455 70 28
3340 2166 8
253 178 77
3769 3738 23
20 3406 57
3938 2106 63
3321 1796 6
2834 1265 42
3134 3438 27
3246 941 98
1194 710 85
1565 2016 69
2427 3246 71
1895 959 83
1293 1719 63
307 3573 59
1676 1533 31
567 3012 71
101 610 10
3837 1006 40
2795 1441 79
556 1429 77
1917 362 89
3834 1484 97
2135 2208 33
2428 2900 34
448 2259 19
1124 3469 10
1089 3408 84
1906 3113 70
1473 2610 45
3189 499 53
767 322 24
3617 940 77
3388 3241 64
1758 439 47
1089 3462 49
1758 3245 32
1614 1742 79
2274 3595 70
2909 3954 97
3283 2041 13
2709 2352 69
1496 3969 98
2753 1790 24
3455 2264 96
1272 2926 20
2152 2721 11
3027 2910 80
955 3667 41
1580 1029 63
3577 3714 13
1154 1568 42
3437 1473 47
1718 1618 26
2246 3448 97
3798 1605 39
671 1268 81
1249 3918 1
3886 1281 28
2142 414 67
3350 2476 87
986 1752 35
1117 442 73
1002 2930 68
3843 3466 1
2766 2887 46
3081 472 45
166 2977 89
818 2444 24
917 2898 58
420 3276 29
2809 1279 13
148 2581 2
3988 2587 26
854 3818 38
2661 3093 58
1624 349 63
1661 2940 71
87 953 69
2207 2685 66
583 2130 70
2277 677 97
1806 1955 96
3410 1970 5
1132 1122 15
914 3633 93
3495 598 41
2686 3609 67
1985 1751 58
353 3259 60
223 3123 81
3131 3472 32
3103 2126 84
3059 2329 69
720 3470 16
655 2590 93
2855 3426 93
2200 2010 57
1609 1393 67
2129 2921 97
420 685 62
2600 2558 4
228 1457 32
3199 603 91
837 601 21
3000 159 69
977 1303 26
3642 74 62
541 2385 17
722 1143 42
560 2735 29
1141 2714 88
3186 2114 31
2895 409 82
3910 1562 16
1804 236 63
91 3196 37
3241 2979 64
1208 638 30
1436 1017 14
1879 1678 93
2675 1393 33
2722 2403 1
1953 3359 89
68 1150 46
1487 1892 39
3384 2698 20
3534 1156 2
2066 1887 17
1731 947 35
3146 2167 90
1681 3021 75
2945 1106 7
769 2213 5
1991 418 96
3315 3947 80
2148 3048 73
3607 1714 90
3256 1690 56
118 508 72
2650 3372 65
2227 3582 59
1563 985 67
1519 156 18
2305 3563 75
3706 869 67
230 1098 65
2277 701 32
182 2341 39
396 421 37
2226 421 30
2328 249 46
112 2468 65
2252 3212 67
2356 1104 44
2326 67 40
3335 1619 25
1244 3829 3
610 2700 94
436 3771 3
812 3184 48
191 1471 5
2447 130 47
3228 3536 17
969 3360 11
3033 382 72
2328 2740 43
1379 517 99
1127 1818 11
3575 3228 92
244 634 14
986 2245 82
587 1991 37
2680 1356 36
3207 3248 31
21 2497 32
2173 877 7
3657 3310 44
1038 666 51
475 248 13
1905 2394 74
2355 221 41
1836 270 91
1078 3727 6
3015 3289 66
3020 2241 20
2151 1225 58
3224 3627 0
1083 2815 72
2365 2922 71
2664 2837 58
248 2768 72
2554 593 83
1534 1974 62
2199 2968 96
105 1837 99
2920 3619 97
191 601 51
3192 974 11
2479 1956 41
3843 2530 2
3456 3761 21
2217 1664 74
2521 1067 2
397 1423 37
3322 1736 21
3593 2225 42
1741 2891 7
2378 3003 42
486 3262 16
1439 1081 46
3419 30 61
3177 3838 65
610 2845 68
543 115 63
1819 2711 99
1948 2584 41
483 1427 30
291 664 79
552 2041 46
2898 666 72
3291 2960 89
261 3599 37
1947 933 22
1452 1938 61
387 2285 20
1922 636 51
3346 3812 87
3422 2553 85
2869 2616 12
3638 3126 67
2691 1579 28
2942 2916 31
2481 2985 71
3385 1039 38
2701 456 99
3210 2192 62
2122 2687 20
2818 1376 26
2766 1777 26
1201 3015 17
157 859 69
3037 709 42
610 3384 16
1772 2844 30
2603 152 69
3292 3359 72
3675 2905 71
516 2191 14
818 2808 10
686 3675 39
1583 3807 65
559 288 72
2302 1595 27
1328 135 61
3500 1047 68
2240 3160 75
2947 1194 97
1189 1425 83
917 1306 63
1731 3816 97
108 1680 20
57 834 94
961 3028 58
991 2452 66
223 1184 11
2017 550 28
3653 302 58
1899 2982 80
2562 1547 4
3869 3641 57
494 1107 37
1055 2893 80
1097 841 29
150 2618 91
3250 2766 39
2428 3257 89
3740 2644 58
1801 1727 21
3858 2023 33
3348 2393 60
1770 1745 20
2405 777 86
852 1035 37
925 275 53
855 1495 86
2239 7 72
965 370 99
1902 300 0
534 2227 63
3625 18 55
933 1844 34
2515 1936 14
3 2754 71
386 3530 46
769 2081 99
682 711 86
2152 1726 57
430 2704 26
1988 79 49
3641 1341 86
1632 3843 68
1281 1109 9
863 2132 97
1493 2369 62
3515 1395 1
820 1786 34
1144 677 77
1745 3092 27
3262 1883 41
1900 1699 14
3345 3412 74
101 2877 68
2985 1500 32
2123 1646 0
3488 2211 26
1822 3592 30
1921 1538 25
1360 619 16
489 1669 34
1669 3119 57
1583 2229 28
794 2141 89
435 3722 21
1528 1584 91
2610 2316 52
230 291 50
2138 1671 49
3407 3828 55
1311 1303 69
102 3560 3
2462 1317 98
2581 1790 77
279 3450 69
475 2966 32
3902 2103 61
2201 2095 44
1636 500 69
3470 3537 33
2571 846 98
957 1697 60
2036 783 23
1742 424 3
1980 1605 76
1451 3423 10
453 307 94
3017 1526 14
1882 257 85
936 1864 48
1200 1623 34
724 2152 15
2431 1496 65
1349 3161 86
3657 1957 12
2758 3085 92
2945 3298 3
3039 778 74
3941 1037 49
1186 459 42
2405 2379 50
358 414 54
636 512 18
238 3883 23
2763 2778 49
1498 549 80
960 3123 63
870 3554 53
1408 736 57
3110 1999 21
3577 3208 29
133 1932 13
743 1069 86
3489 3745 3
1547 1765 0
1595 2644 39
1817 2410 34
3878 3087 72
2505 3474 33
199 1891 82
3792 605 17
588 2371 19
3128 329 63
358 1095 64
2018 1085 56
999 3221 6
663 304 21
1189 3667 68
137 1330 8
75 1213 47
3070 3781 4
520 54 98
2672 789 9
1299 1616 47
187 565 21
752 340 70
1504 467 33
3032 3980 92
2864 2779 30
3101 2336 35
38 87 82
3623 2229 74
1808 1560 52
2892 3727 55
2572 1895 18
3850 793 73
1683 1806 0
496 599 24
554 3642 37
112 323 61
927 3297 54
2505 238 89
2686 983 78
2065 102 18
2426 2774 25
730 3875 30
569 1793 4
921 1500 53
1952 75 97
1361 607 73
3834 1453 20
2176 2750 23
3803 1288 58
713 341 34
3681 766 39
1920 1184 41
366 2462 39
63 3937 20
3003 2768 98
11 2161 72
3467 3229 45
3472 3069 52
1440 2335 34
2499 1385 95
2690 1833 59
1440 419 25
1569 2757 85
3510 181 49
3839 555 74
1925 3630 58
430 3935 19
3123 2495 59
3070 2318 41
2708 294 8
956 3640 81
960 1833 90
1771 773 60
304 1251 23
1612 977 12
3996 3461 81
2123 3036 98
606 971 91
3564 2066 76
1970 1765 50
354 1294 47
3019 417 74
1166 3699 19
484 2472 65
2700 650 10
1414 3263 77
3727 2505 84
1898 3295 77
2650 1618 14
1055 3476 51
578 14 20
1189 2980 95
1710 2931 79
746 1841 89
3277 3493 0
3802 124 44
3701 1857 39
2581 3062 19
3443 3567 43
3690 264 35
3858 3688 90
1635 1812 65
1921 2426 21
3832 401 42
1351 2316 36
1211 1079 62
321 3149 48
1356 3505 55
3996 1234 94
2635 3732 94
2559 3624 63
1495 3953 7
3545 3749 99
358 506 82
3393 3934 69
1830 248 63
3389 2995 18
3213 1943 97
1074 2537 80
2796 3294 35
129 1632 35
3364 1583 84
3281 109 9
3721 1941 30
2696 1200 18
1714 922 29
3838 355 61
248 170 37
3355 3416 40
3603 855 24
912 2805 13
3166 2011 72
886 3188 73
166 3610 50
1053 3574 83
1876 3602 83
533 1268 49
3572 2709 3
2078 140 57
374 950 62
1188 1655 62
3217 1413 78
199 2993 93
203 369 3
3386 3290 37
1314 439 98
1502 1327 10
719 2179 21
647 2000 61
3144 1153 96
3691 2138 97
2216 1050 65
2028 2464 1
1582 1361 79
2367 1608 79
2374 3622 77
2600 1587 28
526 1762 87
1100 2806 22
3451 2023 37
3951 1489 79
3351 2568 33
3017 395 2
821 1889 3
1645 2849 73
786 405 38
1077 222 33
2147 3769 16
3299 2850 22
3957 1928 10
3910 1396 82
3005 1675 96
1984 3211 29
2173 60 99
793 3088 27
2954 897 49
1838 1913 83
2796 1045 67
3170 3016 64
39 3229 18
140 3583 9
497 1257 46
1278 2637 63
1085 2301 59
1530 1860 68
1658 2265 72
3193 2798 9
3224 3145 60
3495 838 43
2194 2712 98
3384 2393 23
2205 3906 56
148 1469 56
1401 1261 46
1380 1409 85
2504 2958 43
