50 7 126741
702 717 328 78 81 85 89
793 832 4 4 4 4 4
602 632 663 588 147 154 161
955 162 170 178 186 195 28
711 746 89 93 97 101 106
574 354 111 116 121 127 133
597 626 657 67 70 73 76
388 407 427 30 31 32 33
904 530 556 312 327 343 360
860 28 24 25 26 27 28
635 666 421 261 274 287 301
632 397 2 2 2 2 2
65 68 71 74 77 80 84
951 550 91 95 99 103 108
307 84 88 92 17 17 17
755 118 123 61 64 67 70
136 142 149 156 163 29 30
756 360 111 116 10 10 10
690 600 630 183 192 201 211
626 657 509 284 188 197 40
897 426 447 469 327 343 360
639 478 77 80 84 88 2
852 108 113 118 123 142 149
488 507 532 62 65 68 71
121 127 133 139 145 152 159
441 463 310 123 129 135 141
30 31 32 33 34 35 36
964 269 282 296 153 160 168
592 268 281 295 264 277 290
627 658 317 332 320 336 352
742 399 388 407 427 350 367
902 682 396 415 371 389 408
262 275 288 302 207 217 227
845 887 19 19 19 19 19
738 623 654 482 506 531 557
273 286 300 78 81 85 89
953 459 24 25 26 27 28
351 368 268 281 295 293 307
838 729 688 123 129 72 75
79 82 81 85 89 93 97
434 147 154 161 169 177 185
507 532 558 459 481 136 142
984 271 284 298 168 92 96
196 205 112 117 122 128 134
706 741 714 539 30 31 32
447 54 56 58 13 13 13
757 385 404 424 158 165 173
68 71 74 77 65 68 71
386 318 160 168 176 184 193
341 189 198 207 217 227 47
