1997 3999 0 0 0
958 1350 528 818
235 958 222 396
672 851 435 495
871 958 483 684
958 1141 482 580
780 1110 90 182
940 1047 459 528
1482 1746 397 624
958 1594 7 294
958 1127 540 639
958 1683 277 339
928 958 173 217
392 814 438 684
610 993 556 844
5 1040 572 648
514 1095 74 333
165 827 425 569
1300 1532 197 208
299 958 111 392
958 1326 137 333
958 1951 121 136
958 1278 498 740
461 1047 516 696
958 1499 405 465
958 1379 251 329
69 513 191 238
114 958 165 220
1000 1052 184 402
873 992 251 323
467 539 253 363
5 838 540 745
958 1557 483 583
1028 1400 174 239
104 746 205 382
52 958 90 333
958 1681 514 747
442 796 498 772
88 630 112 175
958 1680 236 465
1202 1397 151 230
958 1771 451 588
958 1985 398 414
614 958 213 473
18 958 353 450
958 1105 152 323
260 958 505 591
1206 1699 366 375
343 958 405 428
642 958 290 485
958 1148 261 523
473 889 250 393
958 1552 415 500
51 1748 488 519
958 1340 482 759
958 1024 307 499
958 1851 474 485
896 1519 51 111
49 958 331 544
386 820 574 853
351 841 419 495
958 1802 401 517
413 958 375 466
96 1320 589 619
958 1426 258 436
958 1702 154 227
969 1751 386 499
958 1236 544 609
808 958 79 148
1057 1354 404 595
715 958 233 368
547 756 323 332
958 1313 409 579
590 1050 282 310
608 958 141 170
1057 1645 67 270
958 1494 203 230
958 1539 396 399
55 958 418 439
636 958 138 389
1148 1745 12 221
1 958 572 732
637 958 349 578
407 958 459 539
792 958 445 677
381 958 470 724
658 958 290 549
1114 1385 389 424
971 1612 501 753
958 1362 351 480
118 1676 72 170
844 1472 571 637
647 958 591 882
958 1676 482 497
958 1740 188 331
1212 1790 584 855
165 751 522 603
801 1342 248 427
532 1926 127 137
586 669 492 641
958 1867 194 463
607 908 596 664
55 958 17 47
739 958 348 354
1175 1634 575 644
1481 1618 87 372
958 1337 540 793
958 1925 174 386
935 958 167 225
1291 1608 529 818
365 958 287 458
1065 1220 498 768
1500 1746 159 170
661 958 453 525
39 958 201 384
824 958 522 668
687 958 298 421
1408 1528 539 615
361 1620 490 586
670 1905 206 347
119 958 129 230
441 958 218 457
805 958 126 206
874 958 201 423
817 958 130 195
1603 1753 260 396
616 958 594 739
958 1040 178 464
1182 1925 120 196
874 958 507 769
9 664 539 596
600 690 494 716
295 958 7 164
958 1830 190 324
380 614 519 578
1959 1991 181 218
68 228 37 300
199 1754 361 443
958 1902 15 201
392 855 559 632
521 958 487 774
958 1266 413 439
738 958 162 365
957 958 103 178
965 1917 287 368
288 958 27 158
958 1325 27 118
958 1581 128 175
1265 1399 560 858
958 1810 451 481
908 958 586 618
795 958 384 547
586 1437 422 720
414 1897 113 173
180 629 421 608
495 958 301 358
353 1588 140 142
958 1056 85 169
490 1646 491 576
652 743 57 262
413 958 109 186
235 1870 39 198
642 958 530 597
958 1745 79 305
1722 1947 321 444
685 958 379 488
47 1676 19 139
673 958 393 673
819 958 135 423
534 546 416 696
295 1316 253 488
464 958 306 337
449 958 405 474
685 869 479 673
299 1959 522 799
958 1272 108 159
958 1897 366 520
371 958 467 593
210 462 1 14
708 1947 438 492
958 1572 158 383
313 958 233 250
706 917 97 249
71 958 311 353
1497 1904 311 410
1086 1132 307 574
958 1786 144 368
958 993 105 365
1536 1753 592 836
1209 1430 564 765
958 1856 584 660
385 958 547 570
151 803 321 573
153 505 434 445
170 1490 214 403
958 1318 102 160
958 1466 112 302
785 958 406 522
958 1091 419 619
1116 1374 147 417
11 958 488 499
314 958 136 175
225 958 243 290
749 958 487 679
217 1846 65 289
384 1246 232 368
830 1015 198 405
302 946 166 202
480 958 514 672
618 1145 531 786
550 1015 526 556
958 1012 573 668
149 1021 381 666
569 1584 310 422
25 391 167 198
958 1915 256 459
513 1068 198 248
249 434 403 520
958 1070 541 718
1482 1491 2 111
958 1714 74 317
958 1405 422 568
716 958 205 409
958 1600 375 497
510 958 312 430
1431 1786 203 460
958 1720 464 593
49 174 526 621
709 1453 508 791
561 958 267 474
958 1250 451 728
411 958 419 566
958 1146 192 471
495 1630 279 545
958 1555 527 823
665 958 207 316
958 1673 434 539
480 958 284 580
102 201 283 343
958 1793 129 347
958 1115 59 240
492 1030 495 605
1264 1826 554 631
1165 1286 2 130
707 958 390 568
141 1808 324 385
448 1140 260 459
958 1680 109 220
108 958 267 489
17 958 72 151
230 958 527 697
903 958 394 468
778 958 273 465
235 958 562 615
1201 1491 151 383
958 1917 415 634
232 958 33 68
958 1011 561 711
958 1928 262 388
1788 1815 88 272
251 958 257 322
958 1615 430 473
11 958 513 674
958 1193 269 302
510 958 322 621
958 1094 169 467
958 1825 241 314
646 744 342 383
958 1462 508 635
330 632 99 279
76 248 78 87
984 1659 567 599
563 670 310 603
469 981 344 633
364 958 136 174
1186 1617 312 344
958 1703 142 289
1038 1071 522 764
958 1426 3 179
958 1946 267 332
179 1958 121 293
958 1173 223 393
897 958 566 829
715 958 63 105
504 1663 88 333
958 1118 326 575
128 1634 370 500
958 1619 325 417
958 1585 190 380
958 1203 268 288
958 1146 116 363
194 958 125 394
63 958 292 491
958 1986 498 580
958 1926 314 376
282 1370 104 292
958 1959 194 268
641 958 129 409
811 958 564 740
958 1276 7 61
1702 1716 105 367
1627 1805 257 449
125 1461 280 553
958 1990 345 489
495 1634 5 89
718 849 122 206
958 1003 217 366
958 1274 177 444
214 485 220 224
713 1244 211 449
958 1389 380 388
958 1292 43 144
890 958 274 464
958 1647 329 376
920 958 394 541
912 1856 422 615
698 958 51 292
13 958 73 249
1226 1539 129 197
1431 1935 303 408
958 1736 33 167
958 1440 60 201
958 1463 1 154
183 1829 37 84
680 1782 397 438
958 959 107 303
163 1514 496 724
61 1013 442 587
260 311 102 137
220 1811 446 583
339 958 188 213
77 112 548 660
1207 1474 370 618
363 958 326 515
923 1085 31 245
503 1345 133 330
482 512 188 289
880 1385 370 411
273 973 491 507
200 958 494 765
895 1639 372 397
93 958 216 399
213 525 310 464
258 958 444 567
834 958 246 499
958 1462 148 225
430 958 305 476
339 459 176 303
958 1478 115 315
958 1867 417 548
210 958 111 322
735 963 346 512
1005 1134 407 466
215 518 255 504
749 958 479 599
540 958 117 118
629 958 251 385
456 958 366 605
820 1743 154 280
253 269 239 246
958 1970 284 372
122 1919 348 531
493 958 93 263
958 1130 359 446
82 1569 213 313
552 958 299 363
1072 1829 105 316
303 958 566 737
1200 1352 112 165
870 1547 540 741
465 1369 44 85
211 958 462 571
13 1684 86 139
922 958 582 590
631 958 270 450
856 958 153 342
147 958 200 366
565 1455 345 431
322 958 179 256
623 958 585 701
958 1988 8 244
628 1637 526 602
958 1441 305 504
958 1194 176 305
697 871 24 210
958 1865 267 387
160 958 180 446
721 958 253 323
533 958 397 561
535 1620 155 231
281 958 24 204
663 1775 593 809
1598 1909 176 193
397 958 161 220
241 953 2 88
67 478 105 222
459 958 71 307
14 958 520 622
958 1848 562 595
958 1258 574 663
958 1604 539 776
225 856 75 275
958 1638 570 597
147 958 109 232
254 1127 145 189
958 1445 578 649
449 958 413 677
705 958 580 834
347 958 105 273
958 1996 555 695
469 587 73 298
782 958 535 755
958 1498 193 446
390 1824 457 495
958 1892 516 668
958 1832 438 726
517 958 112 321
1204 1360 453 503
958 1397 484 740
730 958 475 680
958 1452 219 481
914 1753 507 768
958 1376 19 208
527 1018 335 436
490 1326 273 310
958 1753 135 169
958 1460 585 872
958 1327 549 704
157 1767 31 313
41 1884 353 420
222 230 215 410
760 1035 379 612
527 958 399 572
1067 1381 93 112
735 958 165 430
249 958 344 502
315 1960 50 345
46 958 238 503
76 617 210 441
958 1669 170 274
958 1904 184 465
1745 1899 194 304
958 1623 518 817
48 958 7 224
666 958 444 539
958 1200 468 743
858 958 80 196
177 958 168 273
958 1409 304 558
132 386 192 428
590 1167 468 738
958 1668 342 361
1172 1717 551 586
379 958 425 652
958 1314 307 312
793 958 277 348
27 47 283 469
173 958 21 49
958 1496 236 288
958 1831 190 241
958 1685 370 570
1418 1469 303 576
519 958 420 454
650 1386 381 523
341 1136 108 378
958 1046 234 379
1155 1710 57 75
958 1951 341 545
958 1402 165 253
35 958 65 332
958 1981 492 650
958 1444 525 730
184 967 328 404
958 1066 343 413
15 82 374 593
396 958 322 490
1004 1465 67 134
958 1478 362 591
958 1460 330 513
1238 1740 422 622
32 147 48 115
851 958 239 423
1511 1995 59 80
849 1869 258 292
1703 1938 188 296
414 958 472 758
655 958 308 342
958 1223 539 698
1106 1734 282 417
958 1548 21 226
958 1676 414 583
1213 1796 77 172
147 958 171 352
577 912 554 632
958 1469 435 721
532 1227 586 708
703 958 148 232
958 1515 236 466
313 1389 547 750
958 1240 515 637
445 1321 592 656
494 958 438 737
748 958 45 245
49 968 397 544
219 958 65 320
844 958 515 793
1188 1670 154 162
958 1927 44 221
54 958 563 741
958 1032 457 550
723 958 238 359
958 1993 226 348
1463 1946 257 332
958 1590 224 429
308 958 11 38
958 1280 334 424
958 1264 130 318
216 517 310 594
142 958 2 67
958 1582 211 317
958 1915 431 446
500 539 185 198
540 958 521 609
59 958 372 404
712 958 86 272
1434 1833 422 655
958 1193 420 453
958 1833 188 242
1250 1411 199 252
357 958 91 228
360 958 357 466
78 958 28 229
863 958 508 654
1759 1898 580 759
958 1168 294 529
327 1336 284 332
848 958 80 283
958 1525 477 513
1594 1845 201 316
1636 1890 34 121
958 1203 262 366
958 1398 400 645
22 958 168 176
958 1804 215 220
604 1797 510 691
958 1228 191 394
798 958 327 489
148 1035 164 415
1003 1318 23 72
209 966 163 272
231 958 542 821
255 958 303 348
1129 1595 394 436
849 1597 537 633
486 958 466 651
958 1675 184 268
31 958 392 519
958 1933 519 678
523 958 59 260
1117 1948 218 384
958 1145 22 92
958 1433 224 314
958 1516 473 614
958 1835 263 439
958 1048 385 447
101 958 588 771
655 1640 390 670
1410 1638 370 626
611 1387 594 812
327 958 395 561
238 1601 378 628
958 1611 518 814
917 958 337 614
958 1753 437 709
152 403 168 186
958 1800 401 541
64 958 269 483
226 1990 373 589
1132 1766 151 314
467 943 284 325
588 1408 596 736
751 1781 454 719
583 958 137 195
451 1321 537 821
958 1611 373 622
1350 1503 334 338
958 1615 501 741
429 1238 26 169
999 1313 72 270
244 1015 344 590
795 975 138 393
625 958 486 543
370 417 130 409
1326 1639 536 693
958 1990 437 555
1271 1966 393 512
142 628 212 360
1106 1250 261 279
924 958 335 531
958 978 107 388
958 1329 444 465
958 1167 373 563
707 1992 6 32
1261 1715 277 306
958 1035 286 345
568 958 18 273
958 1147 397 683
300 1884 199 289
694 859 581 715
415 1508 345 622
958 1306 250 519
614 958 431 522
958 968 126 195
252 1652 264 453
405 958 478 673
1297 1309 259 276
44 1453 475 549
20 76 42 61
318 1736 113 338
1414 1459 468 661
115 463 392 663
189 958 575 844
958 1927 563 578
447 1787 441 475
958 1191 134 316
208 1437 548 666
203 1438 374 633
12 958 548 713
737 1484 108 160
958 1608 334 555
353 1833 219 468
149 942 595 879
211 958 352 510
938 1561 335 376
205 877 204 332
258 958 525 717
417 958 437 541
98 958 298 450
958 1918 122 173
939 958 473 649
793 958 584 819
1486 1654 258 383
48 958 42 317
848 1227 52 184
1339 1667 349 459
144 1627 279 321
891 958 506 636
958 1512 499 760
821 1882 131 426
556 958 564 566
880 1179 39 323
958 1538 298 567
98 137 330 591
239 463 178 204
1026 1750 139 147
376 958 32 115
573 750 195 457
435 1129 95 168
945 958 466 577
206 958 284 530
1034 1765 396 685
1692 1745 482 731
1726 1867 497 610
1205 1208 557 649
471 484 229 433
88 1870 58 158
915 1863 396 677
784 1299 203 477
277 958 597 771
958 1479 129 201
923 958 16 105
323 1863 71 195
958 1388 292 434
375 958 492 735
958 1957 591 715
1397 1893 599 806
958 968 513 749
958 1323 51 129
465 971 129 242
353 958 451 618
380 1399 571 870
660 1190 251 539
368 599 306 460
1686 1994 20 117
958 1214 543 569
1470 1556 478 589
348 958 423 600
958 1552 252 280
1177 1519 581 646
931 958 549 626
897 1903 382 587
189 1512 286 419
958 1838 483 663
1010 1386 262 276
213 1875 270 285
958 1462 471 739
958 1991 261 285
686 1337 398 473
958 1120 73 190
958 1203 305 484
344 958 390 682
958 1538 499 676
757 958 103 364
969 1175 514 707
1664 1873 501 663
958 1389 234 420
958 1341 82 372
958 1641 592 750
1005 1160 584 787
103 1477 415 660
958 1716 260 451
631 1141 405 490
958 1171 314 579
1541 1720 1 181
986 1510 211 344
454 958 330 496
372 1171 243 299
1707 1740 566 743
631 1604 552 738
125 958 580 658
958 1437 422 442
958 1554 428 601
547 958 75 278
218 300 378 396
175 958 101 246
217 1168 483 672
206 1537 276 344
531 1192 335 394
958 1245 147 149
958 1454 252 302
717 958 57 61
1605 1710 566 624
1634 1965 281 524
790 958 545 616
740 958 552 739
563 1001 202 263
911 958 562 840
958 1130 211 398
129 958 540 789
320 1340 380 522
1646 1664 305 566
382 958 587 593
329 1190 378 408
295 362 71 345
24 958 502 592
958 1158 517 771
1642 1681 423 500
958 1846 286 520
958 1158 189 227
958 1803 23 280
1290 1565 340 418
21 786 80 222
958 1222 58 282
158 883 332 386
423 1993 478 746
173 958 365 469
958 1848 85 196
958 1680 520 665
126 182 153 422
958 1450 379 447
958 1348 493 714
145 1462 177 464
67 1883 498 601
359 600 228 273
707 1610 213 330
31 294 336 608
958 1220 232 466
575 1471 21 233
885 958 250 399
398 958 406 693
858 1515 569 607
146 1812 375 646
1496 1989 412 606
158 976 394 564
958 1297 354 402
214 396 304 429
574 958 579 814
1154 1256 374 619
234 958 85 227
1269 1321 5 220
814 958 4 261
958 1460 498 574
496 1973 94 367
578 958 435 506
229 1290 364 644
101 1419 384 620
482 958 506 551
958 970 562 854
889 1516 122 233
958 1194 14 163
819 958 102 197
38 1189 390 425
456 911 353 468
174 395 221 262
958 1895 355 591
952 958 524 661
958 1948 207 487
958 1657 148 302
958 1238 7 168
648 1620 44 263
749 1104 158 316
408 1504 48 297
130 1320 515 765
958 1862 415 602
757 958 440 443
958 1716 448 729
1594 1860 267 357
157 958 469 583
103 958 75 262
919 958 316 360
1263 1281 262 524
795 958 581 786
26 1145 451 711
628 1168 246 446
958 993 203 361
1357 1991 28 78
922 1666 95 268
958 1861 412 576
675 910 306 325
188 958 300 327
402 958 167 179
958 1993 245 392
958 1892 286 475
958 1692 514 715
350 958 511 669
958 1146 47 282
958 988 19 314
672 1807 149 183
302 958 475 562
271 1166 18 105
426 1672 285 511
958 1080 91 358
20 362 552 687
700 958 246 539
42 958 552 663
926 958 107 270
1420 1704 147 425
958 1459 477 714
958 1735 546 794
507 1772 28 87
958 1289 183 406
958 1864 80 234
269 339 523 724
54 958 319 425
489 958 588 636
415 958 441 650
913 958 426 710
958 1125 467 532
424 864 95 339
958 1710 333 599
958 1402 107 258
60 958 166 266
425 814 118 407
957 958 484 542
1427 1886 48 317
958 1595 166 362
117 958 113 324
193 958 572 857
796 958 141 410
332 958 483 598
813 1825 226 477
442 796 318 563
140 958 39 326
958 1247 55 256
602 1305 253 315
226 958 183 257
958 1375 356 511
1139 1409 156 237
958 1631 567 590
556 614 259 437
724 958 252 280
166 553 317 580
225 496 402 583
551 958 130 135
1265 1356 579 622
818 958 108 312
715 1477 197 228
807 958 156 179
35 173 423 572
958 1740 493 714
413 1246 45 230
958 1070 594 660
86 1445 207 427
740 958 527 819
958 1152 494 767
958 1259 30 53
548 958 292 336
958 1095 76 117
958 1344 576 838
958 1493 303 417
950 996 73 86
958 1805 594 648
954 1986 199 314
1107 1545 511 754
239 958 124 239
813 958 216 422
554 958 103 394
958 1035 445 546
426 500 153 165
314 626 421 706
958 1824 306 380
958 1173 175 239
1159 1833 447 612
958 1734 29 231
619 873 275 317
868 958 106 256
789 1775 165 203
958 975 531 701
958 1436 322 589
672 1205 451 516
185 958 324 465
266 1582 11 210
499 958 18 49
594 958 551 681
762 958 90 255
1004 1371 342 409
640 794 595 763
703 1979 275 496
488 958 199 315
958 1000 497 515
200 958 445 487
958 1968 96 261
109 958 176 323
754 958 539 708
356 958 79 140
662 1815 517 665
958 1362 234 516
126 958 330 501
471 1884 82 141
471 958 469 486
1292 1953 208 309
929 1493 306 563
845 1728 442 677
958 1533 296 431
958 1071 335 372
958 1858 306 405
113 958 458 634
958 1672 315 540
385 524 283 366
1060 1600 518 813
346 958 148 222
958 1148 3 187
582 1107 147 249
958 1911 522 582
231 1890 577 635
43 494 371 510
602 866 379 664
1747 1911 551 699
129 1566 522 759
953 958 440 717
982 1611 58 228
691 1672 19 81
736 958 286 448
416 1751 391 542
759 1216 424 625
958 1199 496 666
958 1719 472 480
958 1017 90 308
958 1308 199 270
712 1554 289 364
196 1605 261 313
778 1895 520 818
163 1818 378 383
958 1985 306 307
741 958 247 505
958 1334 66 89
415 1219 331 497
907 1235 449 548
819 1195 344 428
958 1023 150 238
358 400 212 282
1252 1702 51 115
958 990 1 224
328 958 362 449
503 958 471 631
913 1668 135 301
1408 1969 198 318
224 669 380 613
15 958 46 116
162 638 369 394
757 1969 106 129
873 958 593 784
958 1495 86 270
498 958 124 221
202 1326 579 725
958 1509 291 391
331 958 117 406
8 958 286 470
292 958 61 215
32 928 518 772
293 958 555 727
116 654 81 157
1342 1613 162 258
845 958 521 556
405 1961 35 110
858 958 155 176
70 958 241 346
958 1225 38 256
387 1854 44 73
329 958 381 660
515 1952 406 514
402 1003 400 431
127 958 416 458
958 1399 513 618
1019 1759 172 198
958 1312 109 246
541 1855 355 561
958 1437 186 232
1495 1928 62 360
820 958 473 708
958 1192 340 623
758 958 220 504
328 958 46 310
216 958 473 653
752 958 298 346
426 1111 471 626
958 1744 289 324
306 958 318 433
782 784 113 227
56 958 410 609
722 1958 221 475
958 1321 241 279
958 1375 441 575
136 353 419 534
700 1268 210 219
1198 1629 106 117
145 1950 312 570
695 958 474 576
247 523 82 332
10 958 481 685
38 958 307 573
429 677 470 542
958 1391 569 762
883 1451 574 802
792 958 490 622
893 958 245 543
599 958 364 510
602 958 530 665
958 1763 213 429
1071 1414 147 232
958 1079 542 660
958 1357 452 632
958 1508 464 682
330 958 533 639
958 1750 438 503
260 333 4 97
101 187 591 640
1103 1786 592 602
912 1958 328 615
958 1725 116 170
17 1852 223 227
104 662 575 780
289 958 50 254
958 1097 431 484
408 958 270 527
35 1790 498 678
274 958 384 665
62 1765 379 484
499 533 77 221
299 958 433 698
958 1106 453 684
698 1146 255 540
958 1810 359 568
1692 1918 546 613
958 1368 232 330
958 1550 452 661
178 958 22 24
90 990 582 843
864 1943 49 99
958 1402 19 265
69 958 380 455
496 542 236 487
958 1276 469 719
958 1453 162 446
667 958 39 182
294 1673 447 601
1762 1777 404 416
956 958 165 206
1214 1573 3 154
66 958 329 412
958 1269 281 363
958 1026 300 549
1322 1879 250 379
536 861 275 422
950 958 594 661
836 958 264 403
1 1291 343 398
958 1476 554 683
16 1960 269 505
543 958 192 317
163 383 140 224
635 958 204 217
158 957 380 415
847 1755 217 236
237 1475 254 289
574 958 421 538
958 1481 48 121
161 958 536 650
1503 1644 362 378
958 1332 39 168
143 1396 8 147
816 958 239 398
255 958 380 625
62 1488 434 496
958 1747 296 340
196 679 445 679
958 1017 519 634
35 1930 488 530
958 1240 286 403
290 1263 532 639
958 1010 599 719
940 1991 348 524
375 493 450 653
629 958 157 246
919 958 66 195
958 1759 107 282
53 313 495 775
1774 1839 387 684
421 958 591 795
611 958 264 369
958 1759 175 379
803 958 136 163
668 958 479 718
611 1826 204 436
167 958 495 648
148 838 499 795
345 958 400 495
262 1474 193 229
626 958 211 268
958 1926 196 319
249 958 557 599
786 1154 398 475
958 1054 44 77
4 958 288 497
357 958 139 268
285 958 523 752
343 1463 380 544
87 958 36 135
6 958 488 578
958 1181 450 493
49 1028 538 726
145 185 404 480
250 629 137 184
571 1489 402 551
958 1550 546 732
1023 1633 115 140
393 958 566 806
786 1543 420 578
1331 1774 42 212
590 1609 560 842
819 1768 322 404
246 284 320 369
1061 1576 277 351
958 1531 102 190
75 958 382 527
696 958 307 524
48 699 96 165
1300 1581 589 601
679 958 228 351
283 958 396 487
710 1742 364 461
958 1815 541 830
1167 1220 43 53
361 958 147 339
958 1777 103 231
676 958 297 321
879 958 483 681
912 958 7 206
1220 1671 93 172
707 958 260 382
157 1252 458 620
958 1050 219 342
338 1747 189 424
958 1472 169 410
504 830 456 535
78 958 453 681
1039 1148 312 473
958 1860 296 301
281 958 9 255
488 747 24 32
1257 1729 313 513
660 1540 55 307
958 1025 114 209
143 958 391 662
331 958 511 568
445 958 325 348
177 1904 248 389
712 958 501 734
56 958 556 675
958 1871 370 435
582 958 494 517
1210 1817 72 262
939 958 378 381
958 1141 599 889
50 1074 30 54
653 958 144 231
142 1439 498 550
425 714 467 526
629 958 569 786
914 1251 289 572
798 1385 503 677
552 1379 340 381
21 725 111 127
203 240 122 342
958 1704 570 867
738 958 329 355
958 1095 82 258
186 1858 537 567
302 958 90 266
1259 1503 61 82
345 958 239 370
920 1697 231 270
665 1875 46 265
907 958 560 652
968 1868 562 835
958 1438 218 366
772 1091 499 791
169 1467 587 844
658 958 265 512
958 1783 288 556
1147 1735 159 420
208 958 568 815
271 958 511 541
719 958 411 522
645 958 485 698
1445 1802 265 524
426 863 466 557
958 1842 5 137
958 1775 488 619
939 958 155 266
1077 1678 448 628
184 1097 591 664
581 958 298 522
502 829 195 397
320 958 598 891
801 1514 253 396
958 1855 77 185
1424 1762 565 712
937 1382 502 659
958 1925 264 505
249 1909 16 100
678 1220 175 457
310 958 577 838
185 871 478 657
958 1994 574 823
941 1849 487 579
958 1602 357 625
958 1850 490 539
708 958 125 376
1107 1530 455 597
958 1209 176 284
958 1822 321 554
11 156 245 426
428 958 226 507
136 1571 518 696
69 504 292 576
640 1831 377 465
386 1502 463 724
521 958 512 671
246 958 64 273
452 1466 236 437
958 1974 228 373
476 958 596 671
958 1400 487 507
546 1266 407 652
864 958 155 166
629 1853 248 293
958 1695 368 625
536 1476 448 608
958 1946 390 525
382 648 20 207
80 1239 387 480
137 958 108 270
144 434 349 536
467 1600 523 791
855 1093 360 508
201 274 373 386
873 1819 420 703
958 1762 256 321
958 1930 441 562
1056 1686 181 243
264 1494 213 339
1202 1366 539 636
958 1426 69 245
44 958 72 200
916 958 422 671
84 958 127 236
1262 1447 510 662
944 958 398 531
366 1428 137 388
57 1795 585 846
48 958 422 485
464 958 65 331
1152 1493 455 509
958 1621 387 663
800 958 551 841
708 1473 374 603
619 958 353 503
837 958 287 510
1138 1173 288 558
958 1450 217 311
40 131 368 579
217 958 187 434
302 1016 264 349
1051 1573 167 453
958 1933 97 257
958 1145 511 755
668 958 440 697
1316 1625 65 67
587 958 247 475
210 1640 257 517
958 1093 381 388
172 958 195 301
1808 1890 545 714
1283 1419 163 314
958 1136 394 450
958 1742 274 442
186 958 591 768
432 1316 142 398
604 1106 291 343
289 1474 151 231
958 1212 526 785
45 225 108 170
395 1025 526 646
958 1200 166 195
517 572 299 578
389 698 594 647
958 1834 411 501
462 958 239 246
710 958 121 183
235 958 12 81
295 317 350 589
1413 1809 493 692
215 958 50 217
775 1988 92 126
616 641 141 252
568 1179 567 709
958 1632 165 211
958 1984 374 576
1118 1617 478 569
489 1571 10 106
824 947 226 229
958 1331 452 480
844 958 220 390
200 320 142 364
958 1994 470 674
930 958 331 371
392 1135 371 569
225 958 345 500
559 958 329 358
223 794 478 559
958 1793 224 326
1189 1254 213 229
223 1430 66 274
749 768 360 540
576 958 270 477
958 1009 119 335
740 958 342 384
301 1372 520 637
430 958 151 182
958 1537 443 684
312 1444 130 238
345 1369 281 415
735 1943 167 359
1050 1370 332 432
958 1220 31 202
1827 1933 4 116
411 958 358 378
1431 1559 301 387
450 522 476 642
958 1508 124 275
217 1266 307 475
958 1653 47 128
958 1565 129 280
958 1381 213 225
1091 1887 502 541
958 1292 473 731
958 1588 303 480
958 1968 388 622
571 1896 3 48
828 1177 175 232
315 958 137 157
259 563 190 256
958 1659 450 676
958 1965 182 466
958 1886 288 354
312 958 438 491
628 958 595 682
502 958 281 456
1396 1641 14 274
649 958 540 670
127 978 132 176
958 1281 8 83
1021 1411 584 682
530 750 547 636
317 958 48 320
958 1131 162 337
958 1348 409 484
958 1790 275 352
958 1766 277 487
848 958 129 398
486 1508 274 278
517 958 282 302
958 1287 101 258
958 1862 127 243
958 1203 118 284
134 958 49 305
1319 1809 193 299
958 1269 492 676
958 1674 173 301
958 966 576 656
958 1939 284 545
668 958 226 272
287 958 406 466
677 958 9 109
958 1488 454 570
236 1681 555 635
429 1070 222 322
958 998 450 602
742 958 107 168
59 958 388 463
216 498 227 401
1591 1930 570 744
933 1754 454 683
958 1657 449 460
958 1115 12 87
900 958 164 284
958 1754 455 541
576 655 134 393
4 1747 80 201
419 731 303 484
347 566 104 250
129 1420 233 308
16 958 538 624
645 1383 392 622
958 1548 286 442
354 958 452 592
958 1330 437 522
958 1900 365 530
958 964 294 470
703 958 367 585
386 958 139 379
328 958 18 26
39 1565 267 497
17 958 321 561
873 884 222 423
1545 1761 232 504
275 1853 101 148
596 1382 41 51
958 1103 21 251
1750 1970 370 611
37 949 301 511
310 879 457 493
958 1254 207 366
334 1175 281 527
525 958 326 492
958 1743 210 431
958 1315 550 748
207 1684 85 360
938 1650 70 343
958 1767 427 613
600 1558 439 734
520 1024 390 400
958 1186 278 509
352 437 234 301
958 1100 117 407
1826 1928 147 186
61 958 500 781
958 983 189 388
973 1599 168 409
678 914 17 202
40 958 523 658
958 1788 329 450
907 1908 257 281
958 1249 298 579
1162 1472 7 120
590 958 107 322
709 958 215 504
1076 1649 228 520
503 1088 389 610
119 962 570 813
133 1567 236 253
296 1671 424 605
547 1695 446 742
507 958 557 746
126 575 437 574
958 1770 205 240
958 1911 561 836
1009 1111 157 383
958 1289 450 456
488 1810 200 426
795 958 271 275
731 1364 403 565
1242 1273 265 412
119 1109 378 490
958 1689 445 556
15 960 177 183
958 1329 42 234
843 958 359 397
735 958 505 633
832 958 522 794
135 958 423 566
120 1639 73 80
118 958 266 461
277 1370 302 372
958 1209 162 369
437 958 293 309
183 1811 112 151
990 1387 104 112
958 1369 79 320
237 873 293 372
439 958 440 471
958 1972 175 328
958 1060 479 576
958 1750 365 375
66 701 235 451
958 1502 387 617
958 1419 82 333
51 1329 34 245
958 1816 500 509
261 958 94 199
958 1183 460 603
339 1047 426 686
939 958 506 766
780 958 72 102
343 463 449 577
812 958 348 577
1386 1816 527 648
1344 1378 420 440
958 988 161 229
298 1206 182 225
958 1687 255 496
161 958 286 584
958 1092 129 410
958 1767 361 590
958 1726 53 217
958 1519 253 473
50 958 396 596
413 958 16 237
958 1513 319 493
171 958 241 528
708 958 56 289
481 940 18 172
630 1426 193 343
172 557 160 226
105 891 370 621
958 1341 5 231
465 958 370 606
830 1249 221 273
755 1761 160 247
456 1749 394 639
958 1778 269 490
161 958 286 427
374 614 202 204
757 904 259 273
739 958 59 202
57 958 233 505
104 958 18 98
1390 1709 529 791
958 1239 248 483
108 434 129 226
958 1847 23 183
461 958 384 398
958 1884 512 685
567 958 125 264
671 1370 351 477
1608 1719 524 621
958 1405 574 873
380 1145 315 519
105 958 333 604
958 1888 2 82
502 1716 68 216
666 958 87 144
437 958 312 414
853 958 74 347
958 1776 218 486
154 1420 251 330
1263 1535 587 879
112 958 550 675
1146 1968 570 602
958 1479 584 637
328 719 386 463
1303 1782 585 839
958 1203 548 701
958 965 453 704
1377 1405 182 313
1015 1220 430 520
958 1778 219 435
50 958 78 377
484 988 357 577
958 1863 70 300
844 958 63 117
1702 1908 273 274
958 1855 451 559
872 958 146 352
236 958 537 784
152 830 489 696
203 958 556 786
691 1620 509 534
607 1022 87 191
137 1247 293 320
137 958 579 599
471 958 176 192
741 958 466 509
764 958 311 354
684 958 406 469
44 871 344 493
448 958 491 670
315 1689 323 586
958 1220 41 302
958 1779 185 201
958 1017 304 573
958 1952 583 858
723 958 390 426
652 767 71 347
958 1803 97 259
1777 1866 429 432
129 958 276 397
222 1282 239 277
57 177 516 788
700 1544 318 538
1304 1364 19 118
958 1313 209 452
295 888 192 388
62 848 141 273
785 958 39 244
958 1848 372 582
1501 1709 1 88
133 958 330 394
487 958 583 847
11 958 356 358
356 958 261 431
958 1106 272 397
1506 1920 207 221
958 1413 537 699
958 1707 256 554
194 958 16 76
191 499 52 176
502 1356 74 320
958 1903 23 298
958 1939 253 310
614 1565 73 100
935 958 329 410
958 1275 22 194
127 1739 499 522
769 1531 284 362
831 958 161 167
958 1246 128 424
958 1053 219 515
752 1022 144 314
958 988 578 742
587 958 245 283
438 858 461 665
958 1761 442 673
958 1728 455 616
826 1611 512 532
953 958 213 321
646 958 332 339
26 1694 59 276
135 1957 491 758
1244 1785 502 642
866 958 396 617
329 958 407 678
958 1301 503 543
650 958 165 401
56 58 580 715
471 944 499 760
958 1534 64 236
801 1660 44 243
632 1548 214 486
958 1438 336 371
958 1650 590 840
958 1544 172 328
1329 1366 387 669
318 1704 260 496
958 1462 501 669
958 1557 506 534
935 958 12 267
958 1414 213 258
1337 1656 381 539
1109 1864 342 605
506 958 26 239
958 1676 398 490
1 958 486 608
958 1698 192 462
1222 1607 30 63
393 1678 194 347
513 1281 370 388
676 958 380 635
799 1434 557 742
958 1793 220 392
48 958 193 360
1037 1720 290 513
958 1567 229 525
253 1139 51 231
808 1708 392 505
781 866 144 256
901 958 544 771
256 958 459 634
568 1230 385 660
958 1983 194 442
804 958 529 631
1220 1786 568 733
958 1981 407 671
482 958 270 356
262 958 34 168
312 800 58 276
232 788 358 610
897 1543 163 195
25 1327 267 537
958 1144 557 646
786 1166 466 563
414 1559 302 307
717 926 369 428
328 958 57 353
481 958 374 611
712 1693 89 134
958 1863 519 592
892 1313 98 294
958 1381 538 788
566 1851 585 729
958 1448 391 475
669 958 92 126
938 958 259 462
696 958 89 102
958 981 287 356
426 958 72 287
212 958 72 87
219 958 147 292
958 1815 532 801
528 958 21 104
958 1798 219 264
1096 1165 236 334
958 1975 595 738
9 958 217 257
958 1913 192 227
958 1884 560 824
241 1073 460 565
524 1501 198 332
882 958 133 389
958 1642 54 154
822 958 489 532
934 958 475 575
559 958 586 606
958 975 189 388
958 1981 371 417
289 1201 454 725
209 958 581 783
743 1385 55 58
851 958 145 344
2 1219 564 731
132 1432 49 93
634 1415 104 259
342 1893 26 169
958 1653 552 585
863 958 286 517
39 958 194 257
135 958 11 260
416 1971 347 489
958 1228 453 664
997 1343 266 267
1524 1768 365 583
1261 1835 1 60
280 958 243 448
544 951 468 736
843 928 547 632
666 958 501 726
153 949 425 426
958 1322 303 501
222 1922 341 478
958 1867 12 130
45 958 481 516
958 1970 230 352
958 1726 130 204
958 1881 76 320
1210 1651 78 136
698 963 95 190
1138 1536 228 246
641 958 232 255
607 678 340 497
542 1658 34 272
109 803 412 475
958 1459 74 155
286 958 522 679
769 958 269 399
296 422 68 129
16 958 563 776
958 1839 186 443
302 958 249 458
1 1088 10 286
358 606 33 76
649 958 421 606
958 1909 146 275
61 958 65 81
958 1686 491 677
893 958 150 209
514 958 572 638
280 1401 305 373
1121 1133 306 455
339 1328 210 320
54 1895 69 192
787 1863 199 399
958 1029 27 150
860 958 171 434
958 1170 443 675
958 1948 418 647
982 1016 279 336
958 1520 310 504
668 1329 18 110
958 1036 118 302
97 958 276 528
958 1274 256 521
313 792 332 487
958 1042 169 341
123 1040 37 161
958 1085 326 500
958 1477 58 69
54 958 161 338
710 958 374 477
958 1938 418 508
1211 1916 100 105
606 958 362 584
670 1838 303 478
384 958 129 227
958 986 143 171
1539 1570 507 744
720 958 510 721
698 958 264 472
666 1438 568 778
106 1256 323 545
721 1512 187 453
895 958 159 194
392 958 93 199
816 1925 436 563
958 1650 563 766
565 958 296 370
487 958 249 390
723 958 281 362
265 958 297 523
958 1307 449 498
447 958 296 447
2 510 486 746
64 1711 572 779
1073 1781 573 797
88 1780 548 691
958 1980 14 57
88 653 216 264
958 1804 33 288
543 958 482 636
646 1358 35 172
958 1196 590 706
1323 1350 306 328
682 1138 354 589
114 972 563 623
958 1690 578 836
424 480 444 663
1791 1897 477 748
1073 1086 128 412
746 1604 203 305
329 958 26 306
1128 1152 393 517
958 1731 535 757
168 958 267 524
40 562 264 428
1672 1842 442 549
276 958 276 348
958 1234 523 704
958 1677 279 431
958 1102 185 279
588 958 278 432
935 1400 278 568
365 958 124 398
465 1441 558 772
670 1845 126 338
301 702 563 831
958 1008 322 571
712 1782 133 185
98 958 416 540
1395 1705 345 485
958 1216 173 413
259 958 300 350
879 1418 425 600
529 958 244 319
958 1355 132 246
858 1521 6 213
561 1972 182 382
958 1534 263 554
232 958 519 788
800 1360 259 500
958 1432 181 208
905 958 72 228
958 1934 172 310
734 958 196 414
256 958 589 591
958 1730 286 549
815 958 226 362
958 1185 306 463
400 672 511 663
619 1616 412 548
1344 1700 232 279
958 1469 270 568
864 958 205 404
137 549 483 521
656 958 245 412
958 1087 535 643
41 958 211 479
958 1233 529 740
862 1031 113 302
160 1805 251 376
680 824 210 212
958 1162 552 814
1441 1464 173 365
167 1446 431 607
670 1907 71 369
403 1786 585 881
958 1190 350 369
367 1485 131 375
389 958 350 397
958 1448 41 111
958 1237 256 417
268 958 195 471
32 99 516 693
24 958 188 250
949 958 161 458
666 958 237 494
1535 1857 443 481
958 1882 320 401
593 1109 194 227
958 1104 442 561
286 621 91 257
461 1141 177 414
958 1665 350 460
958 1079 70 307
1425 1436 125 331
1054 1951 467 565
958 1973 61 178
554 889 219 322
140 958 244 262
690 958 532 575
559 1540 258 383
355 958 281 361
780 958 461 645
463 1916 583 626
125 958 539 665
958 1298 330 621
413 768 347 382
955 1042 385 446
28 958 381 634
1143 1853 107 158
193 973 362 537
1417 1438 507 796
1564 1720 529 615
774 958 243 320
958 1229 120 251
362 576 217 257
746 958 203 310
497 958 78 186
1166 1583 472 662
958 1009 577 802
958 1768 438 649
958 1272 152 405
534 840 97 296
958 1218 366 584
642 958 235 257
1355 1499 384 569
958 1176 124 216
825 1644 188 255
225 1572 177 467
73 958 237 401
958 1905 75 246
958 1954 18 37
47 562 467 646
685 958 46 121
46 958 278 376
958 1423 56 199
399 958 41 99
624 646 27 321
170 1035 150 429
692 958 267 506
466 1852 132 172
457 958 333 359
110 640 463 698
958 1717 48 139
479 958 424 466
603 958 396 415
911 958 518 661
958 1488 6 27
293 958 351 503
629 1413 89 156
136 1777 358 603
958 1286 335 628
813 958 230 235
1266 1384 371 479
619 958 324 362
861 1823 111 268
883 958 205 455
958 979 520 620
958 1556 583 879
958 1360 290 531
958 1508 174 185
55 443 419 435
958 1071 122 350
159 958 234 461
1144 1869 358 503
958 1972 345 462
953 1664 184 464
317 958 332 526
1131 1241 468 635
527 1243 369 617
248 958 44 263
958 1435 513 736
1359 1636 23 257
1231 1333 234 391
266 958 127 350
447 1632 47 155
910 958 538 641
958 988 543 682
958 1038 252 400
958 1798 112 270
1016 1831 302 592
958 1481 393 470
742 1258 8 102
958 1065 490 724
209 991 343 378
1431 1712 225 237
958 1018 550 585
119 363 238 492
958 1731 187 463
958 1708 191 303
1705 1765 70 175
398 436 424 485
545 972 179 317
473 958 347 498
37 229 92 250
359 572 199 301
1768 1832 529 812
371 958 265 390
946 958 161 189
958 1726 190 392
1003 1452 545 678
248 426 111 130
588 1938 358 449
958 1672 589 827
301 1795 104 185
90 958 180 236
640 958 300 494
958 1954 148 376
844 958 56 73
146 958 56 224
958 988 113 140
640 958 464 517
298 931 519 707
958 1621 401 698
958 1225 215 473
507 1851 455 557
363 995 85 158
958 977 518 752
958 1637 321 445
958 1385 239 365
958 1741 447 651
958 1099 462 704
345 958 535 784
241 958 208 340
1156 1399 584 856
958 1339 443 715
217 958 462 604
817 958 126 263
958 1363 201 298
415 958 349 437
300 958 139 277
437 958 243 268
135 439 451 571
650 1639 365 659
1498 1913 527 817
326 565 474 660
1352 1536 272 506
502 958 416 601
958 1450 324 416
866 1788 466 690
114 743 419 424
735 958 423 587
958 1341 390 496
330 958 265 499
299 1346 562 695
370 1414 559 654
958 1079 61 195
519 958 505 684
958 1133 465 468
510 958 463 474
958 1950 145 243
314 958 56 77
958 1649 145 255
373 1230 497 519
193 958 50 65
958 1197 495 669
958 1801 122 353
187 423 323 521
418 490 109 229
642 958 376 426
958 1762 315 518
958 1181 596 784
805 962 450 729
287 958 361 369
229 958 480 623
1316 1701 204 236
856 1111 527 651
303 958 546 643
279 958 239 360
403 958 510 728
958 1997 244 530
958 1799 71 109
430 1424 70 134
406 1395 16 43
159 958 48 123
958 1970 579 677
958 1355 211 214
32 836 190 456
326 1771 475 696
817 958 382 391
958 1761 48 278
479 958 464 507
624 958 94 304
476 1904 516 533
958 1713 17 50
914 1160 72 197
1391 1747 405 571
23 1281 100 249
530 1828 527 786
395 1293 104 176
241 958 360 606
294 571 75 106
958 1026 233 390
958 1418 127 362
14 958 524 658
938 958 340 383
916 1729 35 200
958 1175 270 488
151 958 302 547
749 1621 343 473
1408 1740 492 511
952 1240 569 619
958 1051 435 564
639 1370 142 152
140 958 498 778
866 1540 294 435
211 836 323 370
1240 1824 493 735
1578 1653 543 766
355 958 473 763
1739 1864 131 169
958 1555 357 385
349 1543 143 387
382 1511 223 318
958 1287 531 797
469 958 161 228
958 1581 376 587
5 1842 314 526
729 958 253 491
228 958 152 407
933 1020 75 216
1891 1921 546 579
1357 1810 267 336
270 1377 146 169
364 1657 537 737
475 958 227 385
958 1397 289 339
490 958 247 416
958 1050 490 617
877 1149 80 97
958 1865 10 61
111 1942 101 371
576 1656 172 337
958 1935 45 294
958 1232 124 418
1897 1916 412 568
114 958 301 366
958 984 486 487
1111 1231 146 371
69 958 399 527
429 462 148 336
871 958 266 395
958 1141 302 462
453 958 498 584
410 958 507 792
958 1750 180 383
958 1237 491 588
958 1701 477 612
134 958 477 512
656 958 126 164
958 1713 568 700
958 1576 345 565
237 1901 211 405
958 1743 529 586
958 1448 529 697
320 770 533 717
296 1898 76 313
958 1737 254 492
958 1745 351 402
958 1170 534 636
218 959 553 589
958 1354 531 560
427 1666 201 217
958 1517 172 417
189 958 593 802
759 1041 580 742
728 1962 284 347
632 1704 177 211
447 958 250 415
312 1055 246 405
909 958 145 231
958 982 462 498
686 958 546 826
764 1148 478 480
958 1658 196 294
1407 1627 485 576
1142 1684 505 702
410 1427 397 551
906 1263 245 483
958 1340 121 237
1752 1921 558 772
906 958 523 570
958 1732 546 757
780 967 487 553
465 954 128 142
419 958 66 320
288 996 368 560
958 1915 142 303
952 1793 225 308
1629 1897 396 695
958 1139 76 78
851 1314 149 408
885 958 122 211
328 1124 99 369
881 958 261 442
884 958 435 453
343 678 398 546
64 958 136 362
353 413 241 479
958 1370 343 487
767 958 134 311
555 669 359 530
638 958 395 555
409 1725 429 459
958 1400 470 692
202 1924 564 664
1819 1923 381 516
958 1995 546 666
354 600 59 228
958 1791 174 353
729 1665 586 664
958 1236 212 459
958 1714 328 515
106 1232 458 739
958 1236 150 332
267 958 411 565
317 958 187 425
1741 1997 347 412
1021 1910 326 373
577 950 106 352
26 958 352 425
828 958 71 245
1190 1752 110 296
912 958 481 531
958 1371 540 730
556 958 527 776
428 958 572 870
1227 1473 182 283
1425 1501 579 818
58 958 176 328
781 946 280 435
566 676 333 591
12 53 95 155
764 1805 69 114
923 958 403 634
958 1955 71 72
293 968 58 199
452 1624 371 404
227 1761 333 372
958 1735 296 322
1120 1305 293 347
1694 1893 482 765
958 1455 287 355
958 1174 438 601
725 1591 197 240
958 1355 198 325
958 971 5 32
80 1499 213 309
974 1517 298 558
60 1976 379 396
360 996 94 284
375 920 289 513
910 958 231 304
816 958 355 494
860 958 201 301
597 1848 15 71
419 958 38 162
761 1256 583 731
1050 1830 77 153
958 1158 58 258
391 958 498 564
958 1589 314 370
176 418 276 433
171 712 192 430
592 699 396 495
642 958 504 539
418 958 177 267
958 1143 535 745
958 1010 183 461
166 1265 241 336
377 958 312 420
368 958 333 377
66 1730 244 303
506 958 297 536
105 1383 23 29
918 1243 178 195
958 1295 402 661
610 1497 30 219
540 1958 226 435
66 958 130 139
293 858 195 347
958 1940 325 509
958 1657 222 358
200 958 348 569
958 1563 343 359
958 1364 362 422
995 1519 340 355
363 924 145 356
345 1456 223 406
958 1164 589 818
737 1804 506 759
958 1040 222 384
161 1059 541 579
538 1078 184 377
538 958 128 155
193 1765 173 408
958 1363 227 408
1702 1924 67 256
932 958 134 216
958 984 527 631
481 1517 290 459
669 958 438 530
958 1937 542 835
40 125 429 586
251 1708 390 639
554 958 61 112
346 423 336 574
958 1493 365 372
748 1733 301 468
958 996 590 875
462 958 461 739
958 1866 353 373
958 1065 476 629
1446 1812 499 645
100 958 185 403
875 889 325 616
958 1761 580 872
958 1532 324 521
958 1649 241 358
1002 1134 73 177
578 613 405 625
935 1613 357 612
7 1095 306 529
958 1329 361 563
958 1847 375 673
462 689 219 369
1176 1710 467 643
343 1215 591 876
958 1226 154 194
1483 1644 207 287
1458 1611 569 701
472 1149 339 599
31 1077 468 498
114 958 458 629
703 1434 508 555
242 958 311 362
770 933 87 98
958 1217 65 76
145 958 18 221
372 958 435 716
782 1641 464 511
217 662 212 269
787 1240 55 284
743 1485 231 363
1530 1829 202 331
958 993 51 95
958 1030 578 698
900 1034 446 569
926 1689 488 783
1002 1429 469 570
97 242 141 384
958 1181 459 711
502 524 409 678
279 958 401 587
174 1774 530 688
958 987 307 551
319 958 567 753
564 883 229 447
1123 1209 83 140
226 958 334 425
38 194 106 199
958 1136 318 484
958 1080 136 407
208 516 167 351
286 1652 464 545
874 1084 343 642
880 1661 458 507
1419 1485 359 587
958 987 576 773
373 958 178 210
504 958 133 186
958 1424 543 651
1343 1684 129 210
870 958 322 406
958 1082 61 318
958 1762 96 169
859 958 443 468
729 958 505 730
958 1882 47 123
1534 1923 316 458
958 1774 530 803
481 958 154 356
406 958 466 689
752 1628 183 404
45 958 4 5
1802 1890 32 72
572 1435 442 636
1021 1337 576 690
209 1241 335 485
373 958 287 573
877 953 37 109
193 714 228 433
76 1840 15 280
802 958 57 121
958 1985 288 449
958 1793 90 173
958 1812 91 269
857 958 129 168
427 1437 159 220
210 958 204 497
487 1355 413 689
90 877 535 572
562 1364 470 669
1867 1957 479 487
710 1035 332 516
464 958 466 597
1169 1269 342 368
1122 1352 504 531
443 1614 254 324
851 958 193 446
729 853 3 239
289 958 18 161
106 661 470 491
851 958 169 382
958 1430 481 662
259 958 27 151
702 991 315 542
958 1444 250 306
958 1936 519 570
958 1284 143 381
958 1241 586 607
97 958 374 487
479 1469 72 144
850 1592 279 497
992 1437 370 669
644 958 52 75
891 958 344 512
958 1239 129 365
171 958 367 606
257 1148 116 297
1760 1857 409 695
1903 1936 483 704
335 958 440 441
477 1308 504 572
958 971 424 593
1603 1984 137 203
99 377 306 474
648 958 557 638
958 1551 530 663
122 958 531 806
958 1208 496 711
958 1343 59 243
958 1018 152 255
528 958 389 470
958 1411 418 516
958 1722 39 131
958 1119 158 219
958 1465 6 109
1558 1854 415 549
122 410 145 315
958 1412 46 307
370 958 431 671
958 1470 265 540
162 799 567 650
448 819 148 199
958 1053 457 497
958 1015 81 202
108 958 336 527
87 349 457 661
958 1325 170 209
958 1285 226 455
64 1270 496 748
437 958 380 627
171 958 489 644
511 958 60 195
1033 1584 3 287
83 958 406 548
232 958 325 449
958 1401 586 702
164 924 288 558
1308 1408 346 624
958 1554 376 562
958 1080 504 729
958 1546 329 557
856 958 150 372
574 1632 115 403
912 1678 400 547
150 495 489 593
267 958 53 261
70 167 436 632
1654 1736 303 411
293 816 285 362
176 958 220 288
1063 1167 201 413
958 1615 17 177
958 1195 73 128
379 958 25 211
958 1770 410 594
746 958 597 799
958 1522 511 526
180 304 395 603
958 1057 482 657
958 1070 518 625
333 1911 211 431
813 1847 31 145
958 1088 197 264
958 1474 320 599
579 1454 91 321
834 958 140 182
958 1009 336 460
1164 1913 20 43
106 546 351 601
888 958 514 593
92 1415 470 518
178 1557 48 164
587 630 453 473
512 1729 91 178
958 1827 296 542
143 1795 69 137
142 958 211 459
958 1773 391 431
778 1674 355 513
842 1420 597 824
958 1530 300 427
958 1936 134 287
301 958 261 326
958 1043 459 619
863 1961 17 168
958 1683 313 451
1932 1955 212 362
958 1750 310 416
866 1209 44 49
1489 1534 353 590
958 1761 301 410
259 1109 96 393
440 958 375 672
958 1806 130 263
81 958 62 175
1092 1675 273 536
958 1078 252 331
31 958 163 434
958 1074 198 205
559 1988 46 58
958 1637 365 551
768 1719 368 563
1574 1627 225 311
763 958 403 490
714 958 52 60
268 345 209 308
327 609 357 596
895 1613 12 153
161 360 403 657
958 1128 553 668
958 1129 443 593
941 1631 559 623
661 958 286 539
829 1636 570 684
717 1549 371 460
1251 1477 149 435
958 1189 40 81
958 1131 579 686
68 1721 264 538
958 1135 233 306
859 958 267 403
416 475 13 184
184 1194 550 732
100 1508 526 598
337 1068 35 245
443 958 88 370
15 1109 541 742
958 1119 118 217
958 1456 581 745
440 958 590 675
876 1539 13 67
958 1845 125 246
1695 1886 333 433
819 1659 579 581
51 435 396 462
35 958 222 514
1539 1946 109 287
958 1131 65 137
958 1068 192 260
1007 1938 222 404
551 1297 579 734
1024 1702 597 700
771 1009 47 338
645 1446 200 491
39 484 178 236
148 958 359 627
958 1677 419 519
112 1896 121 311
958 1304 164 318
239 1558 16 127
958 1946 99 122
750 833 55 183
157 958 25 171
270 958 194 294
958 1979 50 238
1146 1478 289 407
439 612 539 568
1343 1697 57 237
974 1917 65 133
294 364 94 335
791 1515 229 260
1146 1784 298 535
106 1611 247 344
24 439 345 596
603 958 138 316
119 958 245 357
15 438 454 522
955 958 573 623
964 1257 377 625
1292 1662 460 602
150 719 17 148
552 958 592 661
70 1147 72 307
386 958 470 714
958 1945 402 604
58 1263 356 506
193 958 487 621
1272 1936 113 162
958 1003 108 293
267 958 426 635
958 1604 222 367
255 958 236 526
958 1292 118 170
1018 1989 111 298
958 1105 468 530
24 958 34 242
958 1313 39 204
377 958 24 87
494 1006 93 136
1525 1542 240 450
828 958 327 424
639 958 108 344
958 1306 338 466
958 1130 216 402
727 1017 26 236
958 1790 284 453
487 1232 320 396
548 958 144 194
958 1250 592 781
733 857 424 429
958 1757 399 487
454 958 319 367
958 1248 26 79
474 1950 278 382
131 958 258 324
958 1187 399 576
226 1584 518 724
938 958 106 122
925 958 370 531
1163 1559 419 686
260 958 554 730
958 1288 567 779
860 1027 573 675
219 914 32 187
958 1548 378 662
934 958 296 358
592 1730 103 339
486 958 214 320
1345 1951 251 322
486 1094 207 358
755 958 378 556
102 958 429 444
958 1761 84 288
958 1944 176 432
958 1367 588 621
361 500 367 374
727 904 225 371
958 1947 22 202
501 958 122 294
542 958 576 758
958 1082 49 150
685 1315 370 570
993 1986 357 532
669 958 496 584
659 1111 217 315
783 958 479 621
958 1446 438 441
1367 1436 55 327
958 1363 573 615
1199 1644 127 138
162 307 19 226
1104 1600 91 140
958 1641 564 752
958 1714 232 435
454 1453 140 294
755 958 453 521
670 958 334 336
958 1638 4 50
833 958 433 466
958 1023 71 286
395 1011 299 359
958 1183 65 117
261 958 17 34
958 1587 418 660
249 958 1 197
885 958 350 515
1181 1428 494 697
958 963 125 334
404 958 199 295
339 1289 563 691
896 1237 554 744
399 702 405 520
958 1228 159 427
905 1464 340 480
1 958 336 599
63 1922 559 721
612 958 164 196
958 1325 329 349
113 1256 334 420
347 958 340 364
958 994 594 637
812 1092 110 265
958 1241 535 747
958 1633 350 433
1048 1461 533 795
318 1086 362 626
958 1073 82 230
1584 1891 453 571
416 958 335 532
522 1979 387 464
629 1648 368 408
137 463 246 334
911 1539 564 785
433 1961 357 583
958 1827 324 610
39 958 517 689
212 852 345 560
958 1881 547 842
958 1873 245 321
958 1717 110 128
15 958 122 334
165 937 572 618
610 958 209 216
958 1507 499 785
767 1844 10 186
783 958 586 862
675 1785 207 446
271 958 516 613
958 1212 573 749
491 843 245 455
83 97 382 629
138 1845 230 231
1958 1983 193 209
958 1282 17 314
767 958 64 83
958 1333 480 638
855 958 534 654
958 1651 575 779
958 1865 238 481
958 1551 297 458
41 1177 426 478
629 850 209 409
324 1044 279 403
958 1735 378 608
137 514 66 275
388 958 179 388
728 1989 574 807
972 1083 551 791
958 1956 395 616
736 958 408 646
806 958 156 169
592 958 450 615
958 1944 134 308
636 643 408 659
525 1590 149 287
958 1979 18 170
625 1163 438 511
958 1526 520 803
375 1480 533 576
414 1589 230 354
958 1022 5 57
200 958 544 702
1257 1735 539 634
715 1304 84 107
958 1154 167 330
162 958 552 570
1847 1914 31 261
958 1230 530 586
958 1259 91 371
958 1941 424 600
235 1475 49 191
958 1374 482 711
630 1397 426 713
94 758 574 616
958 1862 452 477
51 958 306 491
799 958 11 150
958 1910 97 181
188 505 12 33
164 958 481 627
1210 1303 427 502
958 1555 316 540
1152 1816 12 48
896 1600 71 263
747 858 112 384
902 958 72 334
958 1139 562 581
235 958 499 704
277 958 319 400
1536 1871 124 270
742 958 595 680
761 958 469 537
958 1496 52 245
958 1564 435 691
657 1819 542 571
397 1203 125 410
903 958 85 259
872 1198 252 305
786 958 90 263
930 958 200 406
958 1563 450 674
906 1692 283 375
701 958 583 658
958 1454 510 676
567 1040 451 557
1198 1512 323 426
574 1210 449 632
969 1744 90 366
4 958 221 328
1593 1789 411 678
204 958 280 489
958 1394 10 252
958 1919 369 483
895 958 381 449
276 903 492 510
6 958 506 626
431 958 586 729
383 958 107 297
958 1604 503 644
1275 1898 478 513
142 958 248 356
994 1595 462 594
386 1917 375 655
1054 1874 407 672
8 958 31 184
996 1194 184 423
1175 1573 315 418
349 958 466 748
958 1715 593 884
958 1562 380 405
409 958 444 527
169 958 451 558
958 1943 586 609
347 1773 306 397
922 1871 43 171
903 958 143 169
958 1581 345 639
792 958 513 611
958 1730 203 215
218 1601 566 619
215 1483 328 449
804 958 456 467
211 1396 22 129
61 958 325 592
958 1310 206 211
354 958 10 301
958 1444 230 467
317 1569 446 734
762 958 423 579
660 1130 418 652
958 1911 471 675
958 1802 378 548
958 1205 465 564
340 759 377 666
514 667 246 281
152 958 413 623
538 958 533 635
958 1170 521 584
958 1498 506 635
1281 1606 517 702
958 1978 72 237
958 1405 525 733
958 1895 49 219
331 958 223 318
1364 1954 396 408
775 1552 253 299
696 958 554 787
214 1788 565 790
800 1104 316 550
958 1346 154 195
224 1914 173 416
163 175 389 666
958 1007 564 781
98 1955 378 499
1117 1713 288 466
671 1822 136 346
770 958 537 639
764 1934 587 599
979 1927 397 527
753 958 155 175
543 958 483 724
958 1198 334 490
958 1304 581 737
1296 1504 385 419
958 1309 384 457
958 1122 440 450
1889 1953 553 737
1438 1903 408 621
958 1252 99 333
958 1482 441 709
958 1288 157 307
609 958 30 159
286 1126 63 166
958 1729 144 382
759 988 583 795
958 1320 36 63
446 931 26 228
1100 1603 101 251
904 958 528 684
719 958 132 360
588 1199 382 491
864 1582 548 671
508 1783 136 327
138 1137 246 497
858 1299 132 345
481 958 28 144
774 1083 564 739
958 1309 551 576
229 284 474 709
1233 1451 575 582
178 1096 283 420
743 1394 370 383
699 783 390 684
958 1287 23 279
124 521 143 155
749 958 215 322
485 779 578 860
626 1029 43 160
958 1563 99 233
455 777 422 424
821 958 340 456
540 958 508 543
879 958 55 203
269 958 423 625
244 1671 184 197
385 1389 491 690
73 1639 62 142
958 1966 255 294
958 1981 492 760
1676 1773 166 333
958 1663 560 803
1107 1996 513 664
795 958 523 666
754 958 329 507
602 958 154 212
3 958 122 192
588 1465 561 810
1007 1269 359 378
725 877 260 536
512 958 337 358
73 1630 376 565
554 1417 324 386
958 1250 471 551
312 1038 79 298
99 273 338 621
352 746 432 573
520 1798 133 232
821 958 595 854
916 958 414 478
143 958 333 351
632 1518 122 262
76 958 344 434
958 1225 84 265
958 1341 582 853
958 1550 213 327
386 958 437 498
404 1886 476 763
958 1545 47 248
921 1182 440 506
958 1530 155 207
958 1522 79 255
264 280 559 852
958 1241 382 651
419 1879 215 433
321 958 369 380
958 1857 106 206
947 1106 245 248
870 958 342 501
41 958 447 652
795 958 337 505
958 1503 68 162
958 1215 192 288
461 958 309 341
958 1582 210 359
454 621 96 300
1796 1853 477 669
958 1416 373 654
817 958 444 601
958 1450 474 761
958 1906 315 526
540 1511 74 362
9 958 578 765
702 826 142 161
938 958 21 196
1845 1874 239 349
453 1757 491 627
356 1646 99 295
210 1102 184 355
23 947 535 577
958 1283 385 440
145 958 191 292
97 958 178 357
114 958 566 810
1579 1791 126 202
1559 1745 122 392
958 1233 334 547
958 1856 394 516
952 1746 92 388
958 1477 302 323
669 1207 533 698
958 1815 111 155
668 799 29 254
958 1541 541 736
1230 1675 47 64
305 1741 327 583
958 1526 275 373
133 958 97 165
939 958 300 386
41 1513 77 313
851 1842 273 366
942 958 573 731
1355 1855 440 557
958 992 318 481
50 958 31 41
958 1882 567 822
958 1368 102 192
958 1498 573 791
798 958 319 577
958 1439 66 136
1082 1143 191 407
368 1418 556 763
321 944 530 531
480 750 280 388
958 1673 166 420
958 1809 162 332
1319 1360 567 857
256 302 552 715
1458 1720 39 234
585 1822 464 501
277 958 33 184
1396 1554 21 115
985 1513 488 697
607 958 332 370
958 1549 282 434
136 958 532 571
1041 1483 3 34
958 1901 102 273
958 1105 313 557
648 702 68 203
958 1530 176 333
958 1403 153 446
958 1696 495 686
359 958 392 572
1519 1808 588 649
836 958 125 415
715 1348 173 321
1215 1504 59 111
1490 1678 6 118
11 1744 387 617
958 1019 18 133
1409 1993 510 807
257 958 482 570
958 1164 83 132
986 1610 530 546
547 808 75 217
408 958 333 569
136 1374 140 413
295 958 20 105
15 1328 355 609
1093 1315 581 866
958 1607 341 350
498 1465 513 688
922 1015 274 556
560 1248 101 192
94 539 485 781
670 1617 533 716
570 958 224 317
958 1786 520 677
590 958 479 751
1054 1629 287 312
958 993 556 610
958 1836 561 604
464 958 200 438
346 709 370 501
505 958 234 345
554 1035 266 429
1024 1802 551 631
521 958 354 479
359 549 591 827
958 1494 130 380
632 958 519 637
958 1296 90 359
82 980 424 524
958 1052 58 176
1018 1395 180 374
958 1870 368 663
892 1155 557 716
1401 1797 101 396
532 1878 445 626
147 958 512 769
958 1195 77 230
129 958 169 354
209 958 187 234
577 1199 247 398
419 513 444 643
284 958 55 335
300 1423 162 286
958 1768 458 695
797 1871 352 535
1010 1338 187 259
152 410 580 682
110 1973 298 366
958 1722 39 231
1089 1574 223 410
684 1435 547 694
957 958 163 242
430 1615 297 300
735 831 122 334
318 958 102 194
958 1673 229 467
991 1109 209 385
655 958 300 440
841 1295 239 537
184 958 196 334
281 958 12 19
322 898 544 632
880 958 340 361
958 966 189 384
958 1042 340 592
1549 1794 586 636
387 1778 474 560
261 561 129 304
944 958 593 741
744 958 64 182
1340 1657 565 794
958 992 51 318
958 1169 205 281
958 1619 572 583
713 1476 343 357
868 1993 281 311
958 1415 217 409
1426 1596 24 110
461 948 435 648
609 958 344 419
387 626 526 577
1232 1514 401 463
79 650 501 504
924 958 383 490
958 1723 487 650
958 1921 263 374
621 958 543 645
919 1420 473 577
284 958 245 400
1096 1678 226 405
748 1710 491 538
958 1233 392 677
185 998 538 832
958 1027 523 539
1345 1739 392 618
1351 1550 267 312
476 1403 469 566
513 958 408 422
264 570 353 562
434 958 484 508
958 1919 101 244
30 958 55 314
481 958 92 261
958 1825 544 830
215 958 206 485
430 958 347 471
958 1218 534 572
958 1894 52 175
732 1232 589 771
703 1699 393 604
592 958 120 375
958 1715 482 779
958 1603 522 621
958 1913 63 334
434 1825 243 531
232 958 272 366
958 1866 384 683
80 87 303 370
45 1321 118 254
349 958 155 251
334 958 3 168
121 958 466 471
611 1821 158 264
958 1180 263 503
1276 1286 186 211
595 1114 500 633
949 958 205 363
958 1924 445 503
639 1125 454 740
21 1847 112 289
958 1514 10 169
958 1794 211 299
958 1192 261 438
958 1662 281 413
668 958 80 173
202 1630 291 353
958 1871 474 634
958 1603 242 278
1147 1335 567 712
958 1696 515 545
4 437 185 262
958 1937 168 297
371 958 143 432
761 1249 122 203
714 1985 42 304
773 1163 242 531
289 1259 225 455
489 1996 344 576
336 958 136 372
958 1683 356 454
1013 1685 169 401
30 199 496 692
317 658 499 577
690 958 473 586
688 958 189 347
1347 1743 113 175
1001 1534 494 719
957 958 414 630
958 1811 496 679
958 1430 407 559
1138 1979 16 77
958 1650 108 394
478 1413 268 445
1648 1679 455 719
958 1271 573 769
958 1233 519 753
364 743 351 537
958 1345 388 521
418 958 492 496
958 1489 305 430
958 1112 594 744
213 958 532 643
713 958 59 103
958 1570 584 790
958 1745 323 585
387 958 448 727
484 958 349 390
667 1739 518 717
958 1238 174 465
526 958 374 436
899 1393 511 663
958 1538 149 190
333 928 182 291
958 1013 451 561
958 1447 426 472
147 1321 479 656
958 1283 14 132
238 675 443 686
958 1651 553 836
1515 1649 562 765
935 1860 250 392
958 1498 543 817
958 1769 243 454
1090 1767 36 131
394 1548 151 389
1540 1621 549 653
958 1081 234 243
958 969 212 340
958 1328 99 324
958 1182 569 613
787 958 591 616
289 1642 594 770
958 1722 104 258
696 1670 119 275
958 1464 335 352
1402 1618 317 575
773 958 550 628
958 1029 72 367
958 1385 339 616
958 1041 180 403
1446 1845 70 247
1250 1323 284 295
958 1866 316 390
806 958 564 863
536 958 238 287
958 1131 438 467
426 1181 302 317
652 958 13 17
78 1667 413 557
81 1925 400 510
509 875 195 255
42 958 234 404
682 958 363 580
1115 1574 295 311
1502 1651 541 733
283 958 498 776
942 958 543 746
647 1980 454 627
80 958 17 115
1551 1813 285 396
75 601 386 531
1683 1908 484 696
958 1054 597 673
280 958 163 216
165 958 94 136
455 958 520 553
550 775 230 236
958 1995 50 59
1423 1588 255 373
958 1247 277 290
958 1520 93 305
487 958 429 693
1113 1879 418 654
958 1784 78 288
958 1573 60 230
1325 1409 208 282
958 990 493 578
132 958 472 643
958 1489 591 705
7 1010 534 610
958 1838 225 425
1625 1693 553 606
1126 1754 35 37
665 958 77 295
958 1602 244 326
653 958 84 159
661 1007 269 357
747 945 160 280
1505 1844 464 501
581 795 464 539
958 1062 114 297
958 1421 65 222
139 958 507 772
425 958 527 533
9 958 87 364
634 958 444 537
36 799 77 361
556 1075 5 218
717 958 65 266
578 1076 287 454
866 958 294 583
1253 1316 596 760
317 958 308 453
958 1175 250 449
279 750 588 813
958 1771 441 472
591 958 56 151
567 958 581 834
948 958 564 615
958 1876 172 332
200 958 379 447
684 958 41 65
416 1726 419 625
849 958 480 519
958 1413 521 768
827 1283 237 330
247 1160 426 721
923 1711 223 467
417 1609 85 126
78 216 181 249
156 958 26 230
763 958 317 393
1178 1987 29 327
958 1780 320 448
169 958 532 819
61 958 580 777
611 1618 233 452
958 1833 317 371
884 899 348 643
491 1205 119 404
882 1785 282 443
272 1467 265 281
958 1326 403 683
791 958 341 513
291 781 136 195
646 1088 84 128
156 958 25 69
366 958 486 487
958 1305 318 331
958 1352 595 808
958 1462 387 523
213 958 264 312
958 1238 33 120
647 989 339 419
800 958 394 429
690 1180 307 331
441 1139 238 277
958 1092 509 719
1107 1552 525 555
1077 1727 240 422
697 958 366 429
958 1559 81 184
958 1168 189 361
674 958 34 127
1657 1987 294 366
521 1414 378 628
168 435 320 541
286 958 411 522
143 958 492 635
794 1753 245 389
531 1550 224 332
492 1102 375 420
283 958 163 331
326 1156 230 270
508 1300 534 592
506 1687 576 752
982 1583 414 433
16 958 495 599
1459 1600 350 571
583 958 301 590
188 1826 377 383
347 1141 259 379
853 958 289 334
1249 1430 213 439
14 1789 506 692
1222 1295 415 671
257 958 442 670
487 958 99 175
958 1219 459 754
383 958 502 684
958 1373 174 444
252 958 27 256
561 958 529 701
279 820 234 442
917 958 570 742
958 1626 147 275
1629 1795 39 77
958 1085 127 242
1210 1605 366 521
444 958 188 460
958 1273 392 566
958 1749 524 786
64 958 242 305
776 958 57 314
958 1833 332 597
958 1670 47 326
620 1500 60 75
1487 1504 296 528
958 1590 359 604
819 958 22 302
100 958 438 506
958 1026 132 362
525 1431 340 419
126 958 193 210
958 1192 173 263
955 958 77 277
958 1350 59 325
958 1937 331 475
293 958 177 409
958 1737 382 436
1866 1997 445 455
863 958 303 432
78 996 26 117
552 958 510 571
178 378 40 204
1055 1477 152 192
958 1543 313 533
958 1317 396 610
867 958 351 519
902 1131 61 291
958 1912 400 648
79 164 349 641
958 1085 259 434
797 958 291 547
860 958 393 421
687 958 597 740
518 958 427 569
432 958 136 204
595 1520 291 397
579 958 299 372
958 1040 46 171
139 1920 394 489
918 966 563 702
1778 1894 95 363
575 958 9 73
958 1677 513 623
1422 1509 323 371
697 958 333 464
958 1891 372 507
976 1082 484 770
25 345 262 287
887 958 543 588
1469 1916 345 550
365 1737 303 507
958 1801 296 417
407 1197 211 299
175 1390 466 744
427 1772 76 175
958 1338 1 217
958 1789 470 562
478 1819 78 91
958 1511 154 413
958 1887 307 360
563 958 319 412
958 1830 228 522
958 1521 386 595
187 958 264 407
958 1099 87 141
958 1311 330 417
723 958 218 441
958 1932 209 220
1017 1979 402 547
1669 1863 181 387
1335 1499 321 372
958 1606 491 508
802 958 161 315
958 999 6 116
1007 1895 117 335
776 1752 52 164
876 958 472 496
176 1457 148 160
10 138 508 751
1759 1775 262 452
958 1916 494 516
102 1956 567 742
119 1941 362 600
166 958 556 774
958 1969 198 431
676 794 111 307
718 958 551 746
368 563 83 115
16 1005 415 523
1229 1943 215 344
495 958 592 757
292 1041 41 99
135 958 504 617
863 1832 94 368
141 302 452 748
958 1265 173 342
377 790 189 466
958 1454 459 692
651 1988 78 96
1549 1556 455 542
788 958 17 54
958 1419 31 317
353 958 238 358
146 1720 376 615
389 958 262 529
958 1138 173 188
1579 1599 380 390
143 958 175 401
240 1829 397 485
958 1173 181 450
958 1939 56 340
989 1600 482 666
664 1188 250 411
575 958 516 578
958 1390 299 438
644 1246 171 430
29 417 207 347
958 1117 475 637
54 958 108 133
924 958 128 286
184 969 332 347
319 1069 188 353
1242 1322 370 456
834 1687 359 543
638 1380 192 420
921 958 585 768
597 958 439 540
152 1667 231 269
708 958 6 248
1494 1923 40 227
433 623 470 507
222 1414 517 813
958 1351 266 380
497 799 28 239
696 1958 149 363
958 1156 52 100
707 958 350 611
958 1275 406 552
179 958 374 627
958 1687 187 240
892 1949 261 365
958 1837 407 489
361 958 224 334
322 958 42 271
958 973 425 713
1420 1879 562 659
69 990 123 207
958 1809 35 328
958 1951 541 774
799 1184 108 369
958 1118 595 792
36 659 433 538
43 1766 141 393
404 958 425 555
958 1098 369 606
338 474 284 405
1778 1850 298 583
958 1060 36 149
215 307 424 617
676 1176 462 587
958 1733 111 290
234 958 93 349
141 1570 204 336
958 1611 469 495
322 1809 419 589
958 1552 307 505
958 1002 344 420
788 958 86 147
768 958 245 281
228 868 553 828
328 819 578 721
352 1147 194 484
928 1687 591 594
302 958 293 484
480 1595 524 657
258 820 22 94
295 699 171 284
958 1933 71 123
958 1042 291 457
532 1518 546 555
958 1823 300 346
627 958 434 601
303 958 316 573
768 958 422 721
958 1844 140 260
1060 1371 141 244
783 904 341 537
74 958 287 299
1930 1984 189 366
32 958 302 450
1518 1903 582 714
958 1231 77 315
1023 1658 482 700
958 1556 495 573
180 1428 507 609
1915 1996 204 491
799 1589 178 467
191 1577 541 765
1324 1955 563 793
1031 1411 435 559
958 1992 304 486
958 1415 164 276
1407 1549 552 739
958 1747 437 696
958 1310 54 294
337 1802 462 685
354 1556 13 230
689 1519 172 201
247 540 574 644
958 1732 499 705
369 958 392 637
958 1387 319 592
327 1240 368 463
260 1341 183 428
1214 1778 455 748
152 552 232 505
958 1045 568 652
958 1942 163 414
393 1490 319 491
1203 1869 251 429
476 1879 597 645
214 1219 63 330
104 233 300 309
97 958 307 511
958 1449 506 648
538 1983 502 646
134 958 237 288
958 1260 443 465
818 1355 552 723
958 1470 422 682
125 958 22 295
958 1180 242 422
916 958 288 368
571 1380 270 336
521 712 381 460
46 1800 308 599
706 958 242 481
976 1334 18 173
131 1430 61 99
875 958 592 743
958 1763 71 177
958 1251 400 488
958 1647 168 214
453 1573 101 161
1042 1777 461 489
958 1876 497 776
958 1419 97 287
958 1445 484 719
506 958 400 657
669 958 61 186
958 1857 105 353
724 958 126 212
173 1056 383 628
199 958 347 534
958 1429 141 274
259 1617 594 750
433 1344 579 722
1078 1703 25 121
324 958 509 550
1121 1449 128 181
410 958 240 535
730 958 33 277
739 1130 121 149
313 958 21 177
666 958 481 717
242 958 598 636
328 1917 137 413
1308 1383 343 579
6 958 60 283
958 1063 552 652
965 1577 311 344
79 1667 481 720
378 958 252 257
742 1199 330 600
850 958 517 733
958 1914 429 662
883 1151 413 699
536 958 6 107
695 1714 182 185
958 1179 186 357
939 1147 275 528
958 1121 115 149
385 958 311 364
50 1706 197 380
280 958 549 579
215 958 103 122
958 1606 130 136
469 958 493 560
274 958 339 555
122 958 460 747
880 958 157 407
1105 1798 209 267
687 1572 61 67
133 958 228 292
958 1673 122 211
759 958 509 665
634 1110 298 446
958 1123 433 466
780 958 520 745
376 1358 444 625
958 1550 475 616
205 958 61 213
958 1226 510 630
958 1916 513 788
958 1657 462 558
463 1575 473 552
958 1767 148 187
647 1567 226 441
854 958 480 703
103 958 482 726
235 958 166 382
449 1842 427 667
958 1298 493 497
862 1182 268 325
1557 1701 99 319
958 1228 299 348
28 1863 287 538
958 984 18 92
24 958 122 342
884 958 517 618
663 958 318 388
761 1258 228 327
603 958 123 224
109 958 289 304
237 958 442 524
958 1081 29 106
1599 1790 67 131
539 680 200 208
352 958 431 586
122 1448 254 265
926 1297 92 190
1155 1861 299 346
204 958 170 211
880 995 56 320
958 1569 165 404
55 958 120 127
958 1610 105 305
553 958 509 566
729 1218 316 595
778 958 343 411
958 1483 101 342
958 1140 567 818
425 958 595 657
539 1502 238 400
1208 1494 78 162
958 1582 401 404
958 1928 491 638
529 1747 574 694
214 958 512 576
45 958 252 476
41 958 550 639
1644 1762 394 402
958 1848 178 201
827 1813 271 386
458 1839 68 93
260 1470 427 537
198 958 592 777
958 1188 497 508
560 958 261 439
958 1834 273 498
113 958 338 450
958 1760 302 466
1264 1822 537 697
577 958 516 631
1346 1835 10 73
958 991 329 537
186 737 62 256
734 958 39 284
725 1412 21 222
85 967 446 651
878 1810 91 218
619 916 365 600
476 958 354 497
958 1410 416 476
434 958 300 371
13 958 353 410
761 1877 303 473
73 958 243 428
958 1395 71 344
1061 1797 10 180
958 1449 389 572
958 1310 593 758
180 958 423 496
706 883 494 576
958 1573 175 287
958 1719 414 517
318 958 166 255
1147 1572 141 190
604 1021 187 484
654 1139 222 369
958 1941 547 690
958 1490 409 450
623 958 475 639
958 989 13 276
803 1531 439 674
958 1616 158 400
958 1869 84 334
673 1734 407 518
854 1564 343 390
958 1629 333 499
148 958 214 237
199 876 72 232
958 1442 585 640
444 1203 439 590
1108 1749 4 240
837 1420 10 250
1567 1617 74 232
958 1501 129 360
958 1651 390 673
385 1360 98 302
1650 1915 61 80
958 1236 274 408
1140 1532 386 513
118 1179 106 107
958 1391 170 404
754 958 134 289
256 1114 200 464
16 1434 199 405
647 1713 508 588
364 1179 597 663
574 958 538 732
999 1234 352 510
308 670 96 131
74 1319 28 310
168 1996 532 596
555 958 352 575
396 958 30 165
958 1440 298 394
98 958 274 289
507 1302 405 568
958 1703 1 217
958 1014 196 465
230 958 235 258
47 858 484 621
314 958 539 686
958 1039 118 195
279 958 380 462
48 958 418 482
958 1828 81 328
540 1775 545 740
533 958 350 565
958 1798 168 199
958 1080 572 853
958 1720 126 335
1 20 14 22
958 1285 132 260
994 1500 198 480
683 958 244 302
595 1817 486 743
958 1022 526 564
958 1307 393 485
958 1446 321 523
958 1046 98 334
958 1680 483 599
1119 1389 294 581
1434 1698 120 397
958 1294 213 416
623 958 314 346
834 958 390 624
958 1853 109 407
754 958 101 178
958 994 432 629
958 1417 205 228
191 1944 384 389
253 958 130 163
732 958 450 584
1281 1395 205 428
139 398 277 469
762 958 140 184
538 1483 514 525
958 1372 237 258
332 1910 511 601
455 1860 227 322
958 1812 310 410
373 958 334 628
604 1599 556 666
645 958 114 398
69 1753 494 612
81 1003 123 208
958 1833 527 688
684 958 144 270
958 1119 415 492
958 1876 358 379
305 958 574 654
876 958 283 472
958 1243 122 419
200 620 78 170
958 1423 338 467
958 982 357 613
1454 1980 404 628
640 1366 147 351
988 1236 419 581
325 678 188 368
958 1904 91 335
626 648 422 632
17 958 216 232
1463 1986 80 317
45 958 544 707
224 958 107 222
958 1689 566 774
958 981 442 712
228 455 487 694
806 1578 233 247
557 958 307 452
220 330 490 612
163 1109 12 184
1117 1439 469 597
502 1891 60 328
1168 1538 111 177
336 520 19 76
777 916 23 39
958 1407 292 358
402 958 262 482
958 1811 36 313
958 1558 98 141
1088 1713 462 678
522 1613 102 380
958 1798 510 710
373 1213 121 280
859 1447 571 618
751 958 67 103
531 1426 544 650
919 958 345 580
760 958 126 277
151 1412 456 467
958 1117 82 290
38 696 513 628
726 782 407 492
368 1669 292 554
381 1124 196 336
372 958 239 512
958 1077 93 264
122 395 578 796
545 958 596 882
958 1115 458 665
331 1037 34 301
368 1951 306 443
958 1378 400 609
958 1023 298 399
630 958 551 677
607 958 307 464
